20
-2.13472 1.82243 3.71799 255 255 255
-2.25363 1.88198 3.71631 255 255 255
-2.35687 1.89949 3.71992 255 255 255
-2.18147 1.72369 3.71793 255 255 255
-2.2399 1.84395 3.71935 255 255 255
-2.3567 1.89955 3.71953 255 255 255
-2.33969 1.84273 3.71739 255 255 255
-2.51965 1.9529 3.72574 255 255 255
-2.20211 1.73722 3.71253 255 255 255
-2.38842 1.96184 3.72238 255 255 255
-2.13114 1.80977 3.71637 255 255 255
-2.45497 1.97753 3.72375 255 255 255
-2.38842 1.96184 3.72238 255 255 255
-2.47636 1.94351 3.71998 255 255 255
-2.13478 1.8222 3.71896 255 255 255
-2.35875 1.88363 3.71863 255 255 255
-2.15176 1.83144 3.72143 255 255 255
-2.33488 1.91978 3.72001 255 255 255
-2.37584 1.87874 3.7185 255 255 255
-2.1506 1.81187 3.7198 255 255 255
