18
-2.13472 1.82243 3.71799 255 255 255
-2.21166 1.83997 3.71643 255 255 255
-2.25363 1.88198 3.71631 255 255 255
-2.35687 1.89949 3.71992 255 255 255
-2.37597 1.85192 3.71705 255 255 255
-2.2399 1.84395 3.71935 255 255 255
-2.24519 1.80031 3.7161 255 255 255
-2.3567 1.89955 3.71953 255 255 255
-2.22463 1.75033 3.71556 255 255 255
-2.20211 1.73722 3.71253 255 255 255
-2.38842 1.96184 3.72238 255 255 255
-2.45497 1.97753 3.72375 255 255 255
-2.38842 1.96184 3.72238 255 255 255
-2.47636 1.94351 3.71998 255 255 255
-2.46598 1.88935 3.71937 255 255 255
-2.13478 1.8222 3.71896 255 255 255
-2.24183 1.79415 3.72552 255 255 255
-2.37584 1.87874 3.7185 255 255 255
