20
-2.25781 1.93483 3.71958 255 255 255
-2.25363 1.88198 3.71631 255 255 255
-2.37597 1.85192 3.71705 255 255 255
-2.2399 1.84395 3.71935 255 255 255
-2.3567 1.89955 3.71953 255 255 255
-2.36446 1.95386 3.72184 255 255 255
-2.52326 1.97493 3.72446 255 255 255
-2.22463 1.75033 3.71556 255 255 255
-2.51965 1.9529 3.72574 255 255 255
-2.38842 1.96184 3.72238 255 255 255
-2.45497 1.97753 3.72375 255 255 255
-2.23276 1.8227 3.70815 255 255 255
-2.38842 1.96184 3.72238 255 255 255
-2.47636 1.94351 3.71998 255 255 255
-2.46598 1.88935 3.71937 255 255 255
-2.36536 1.97648 3.72226 255 255 255
-2.15176 1.83144 3.72143 255 255 255
-2.33488 1.91978 3.72001 255 255 255
-2.24183 1.79415 3.72552 255 255 255
-2.37584 1.87874 3.7185 255 255 255
