15
-2.25363 1.88198 3.71631 255 255 255
-2.35687 1.89949 3.71992 255 255 255
-2.2399 1.84395 3.71935 255 255 255
-2.33969 1.84273 3.71739 255 255 255
-2.46265 2.04084 3.73167 255 255 255
-2.51965 1.9529 3.72574 255 255 255
-2.38842 1.96184 3.72238 255 255 255
-2.52131 1.97323 3.7231 255 255 255
-2.45497 1.97753 3.72375 255 255 255
-2.25251 1.94206 3.72197 255 255 255
-2.23946 1.79539 3.71597 255 255 255
-2.38842 1.96184 3.72238 255 255 255
-2.47636 1.94351 3.71998 255 255 255
-2.2298 1.88288 3.71925 255 255 255
-2.35875 1.88363 3.71863 255 255 255
