17
-2.25363 1.88198 3.71631 255 255 255
-2.24469 1.79937 3.71966 255 255 255
-2.2399 1.84395 3.71935 255 255 255
-2.36617 2.04744 3.72657 255 255 255
-2.46265 2.04084 3.73167 255 255 255
-2.38842 1.96184 3.72238 255 255 255
-2.37608 1.87854 3.71694 255 255 255
-2.25674 1.78048 3.71446 255 255 255
-2.45497 1.97753 3.72375 255 255 255
-2.36529 1.91899 3.72086 255 255 255
-2.38842 1.96184 3.72238 255 255 255
-2.13478 1.8222 3.71896 255 255 255
-2.2298 1.88288 3.71925 255 255 255
-2.36536 1.97648 3.72226 255 255 255
-2.47005 1.93631 3.72141 255 255 255
-2.1506 1.81187 3.7198 255 255 255
-2.28895 1.9732 3.72136 255 255 255
