20
-2.06944 2.26603 3.93998 255 255 255
-2.03923 2.2684 3.74833 255 255 255
-2.06861 2.27229 3.81206 255 255 255
-2.08258 2.2716 3.92666 255 255 255
-2.26798 2.37046 4.02061 255 255 255
-2.03148 2.23801 3.93919 255 255 255
-2.03432 2.23429 4.0153 255 255 255
-2.08258 2.2716 3.92666 255 255 255
-2.05021 2.2459 3.98108 255 255 255
-2.06861 2.27229 3.81206 255 255 255
-2.05418 2.25678 4.00984 255 255 255
-2.04082 2.26923 3.76417 255 255 255
-1.88827 2.16197 3.88009 255 255 255
-2.22602 2.37563 3.7529 255 255 255
-2.05532 2.25588 4.01174 255 255 255
-2.08553 2.26535 3.97765 255 255 255
-1.99921 2.25166 3.7423 255 255 255
-2.08204 2.26683 4.01967 255 255 255
-2.2836 2.37978 3.95863 255 255 255
-1.9623 2.22614 3.74356 255 255 255
