15
-2.06944 2.26603 3.93998 255 255 255
-2.06861 2.27229 3.81206 255 255 255
-2.08258 2.2716 3.92666 255 255 255
-2.26798 2.37046 4.02061 255 255 255
-2.08258 2.2716 3.92666 255 255 255
-2.05021 2.2459 3.98108 255 255 255
-2.06861 2.27229 3.81206 255 255 255
-2.04082 2.26923 3.76417 255 255 255
-1.88827 2.16197 3.88009 255 255 255
-2.11748 2.29006 4.01984 255 255 255
-2.22602 2.37563 3.7529 255 255 255
-2.08553 2.26535 3.97765 255 255 255
-1.99921 2.25166 3.7423 255 255 255
-1.90893 2.18992 3.8655 255 255 255
-1.9623 2.22614 3.74356 255 255 255
