21
-2.02274 2.23635 4.0175 255 255 255
-1.90577 2.18067 3.85178 255 255 255
-2.07699 2.26128 3.99368 255 255 255
-2.08088 2.27018 4.0147 255 255 255
-2.08258 2.2716 3.92666 255 255 255
-2.07943 2.28008 3.79256 255 255 255
-2.07849 2.26554 3.95077 255 255 255
-2.07699 2.26128 3.99368 255 255 255
-2.03432 2.23429 4.0153 255 255 255
-2.04032 2.25087 4.0187 255 255 255
-1.97757 2.2037 3.93904 255 255 255
-2.11131 2.28849 4.01646 255 255 255
-2.08258 2.2716 3.92666 255 255 255
-2.08548 2.2737 3.86063 255 255 255
-2.08023 2.28007 3.79392 255 255 255
-2.05418 2.25678 4.00984 255 255 255
-2.00416 2.2213 3.9443 255 255 255
-1.97362 2.20359 4.0031 255 255 255
-2.09351 2.2879 3.82529 255 255 255
-2.04162 2.254 3.92345 255 255 255
-2.05532 2.25588 4.01174 255 255 255
