26
-2.02274 2.23635 4.0175 255 255 255
-1.90577 2.18067 3.85178 255 255 255
-2.07796 2.26548 3.95035 255 255 255
-2.07699 2.26128 3.99368 255 255 255
-2.08088 2.27018 4.0147 255 255 255
-2.01849 2.22525 3.98125 255 255 255
-2.07849 2.26554 3.95077 255 255 255
-2.07699 2.26128 3.99368 255 255 255
-2.07453 2.25977 3.9056 255 255 255
-2.25804 2.39895 3.63774 255 255 255
-1.97599 2.205 3.94081 255 255 255
-2.03432 2.23429 4.0153 255 255 255
-2.26467 2.42597 3.64387 255 255 255
-2.04032 2.25087 4.0187 255 255 255
-2.11131 2.28849 4.01646 255 255 255
-2.08023 2.28007 3.79392 255 255 255
-2.13508 2.34227 3.63881 255 255 255
-2.05418 2.25678 4.00984 255 255 255
-2.21779 2.3467 4.01536 255 255 255
-1.98823 2.25526 3.63828 255 255 255
-2.24444 2.39164 3.63571 255 255 255
-2.00416 2.2213 3.9443 255 255 255
-1.97362 2.20359 4.0031 255 255 255
-2.09351 2.2879 3.82529 255 255 255
-2.04162 2.254 3.92345 255 255 255
-2.05532 2.25588 4.01174 255 255 255
