23
-2.07796 2.26548 3.95035 255 255 255
-2.03923 2.2684 3.74833 255 255 255
-2.06861 2.27229 3.81206 255 255 255
-2.08088 2.27018 4.0147 255 255 255
-2.08258 2.2716 3.92666 255 255 255
-2.07943 2.28008 3.79256 255 255 255
-2.26798 2.37046 4.02061 255 255 255
-2.03148 2.23801 3.93919 255 255 255
-2.07849 2.26554 3.95077 255 255 255
-2.03432 2.23429 4.0153 255 255 255
-2.26467 2.42597 3.64387 255 255 255
-1.97757 2.2037 3.93904 255 255 255
-2.11131 2.28849 4.01646 255 255 255
-2.08258 2.2716 3.92666 255 255 255
-2.08548 2.2737 3.86063 255 255 255
-2.08023 2.28007 3.79392 255 255 255
-2.25887 2.37597 4.02389 255 255 255
-2.05021 2.2459 3.98108 255 255 255
-2.06861 2.27229 3.81206 255 255 255
-2.11748 2.29006 4.01984 255 255 255
-2.22602 2.37563 3.7529 255 255 255
-2.05532 2.25588 4.01174 255 255 255
-2.2836 2.37978 3.95863 255 255 255
