417.9061344789948 1074.308505148911 0 255 255 255
158.2174442934479 502.2128020239111 0 255 255 255
209.35983931297915 457.9081145239111 0 255 255 255
355.29233443016665 237.46182546141108 0 255 255 255
209.35983931297915 457.9081145239111 0 255 255 255
710.1535710024323 910.3744231176611 0 255 255 255
784.3152531313385 936.8810149145361 0 255 255 255
758.9140690493073 954.2137785864111 0 255 255 255
841.0841129946198 955.4149504614111 0 255 255 255
630.7248600649323 871.2357512426611 0 255 255 255
96.54134260887759 343.7482024145361 0 255 255 255
106.25954329247134 368.3971281957861 0 255 255 255
123.21840559715884 413.6073332739111 0 255 255 255
132.1920536684479 437.9081145239111 0 255 255 255
713.0733708071198 670.6730071020361 0 255 255 255
727.901068561026 957.2889738989111 0 255 255 255
724.0983952211823 1031.762606711411 0 255 255 255
167.44568526024477 526.9872160864111 0 255 255 255
490.7606266664948 1004.5253020239111 0 255 255 255
587.259955279776 347.0685149145361 0 255 255 255
452.3018253969635 1076.365634055161 0 255 255 255
141.96311079735415 464.0262785864111 0 255 255 255
278.1075810121979 630.9393645239111 0 255 255 255
557.2100895571198 930.0790129614111 0 255 255 255
784.3152531313385 936.8810149145361 0 255 255 255
727.901068561026 957.2889738989111 0 255 255 255
773.3966129946198 908.4313078832861 0 255 255 255
384.9608219789948 230.06900319578608 0 255 255 255
694.4951847719635 952.6849699926611 0 255 255 255
671.3342961000885 977.6400481176611 0 255 255 255
384.9608219789948 230.06900319578608 0 255 255 255
149.9054325746979 481.2276946020361 0 255 255 255
