389.51032806576677 199.68153851860143 0 255 255 255
548.404676210298 1015.4741410576639 0 255 255 255
394.065320741548 225.20949262016393 0 255 255 255
439.536756288423 461.3248490654764 0 255 255 255
448.9047982806105 513.6621293389139 0 255 255 255
468.11762787045427 607.6404008232889 0 255 255 255
548.404676210298 1015.4741410576639 0 255 255 255
501.2424447649855 775.9504594170389 0 255 255 255
509.788953554048 822.9577836357889 0 255 255 255
481.755018007173 678.8840531670389 0 255 255 255
463.28596283139177 583.1489457451639 0 255 255 255
417.03571869076677 342.8025101982889 0 255 255 255
407.70832611264177 296.2342728936014 0 255 255 255
478.9150521868605 653.5893754326639 0 255 255 255
496.76142669857927 750.1150101982889 0 255 255 255
544.0344369524855 989.6943559014139 0 255 255 255
487.14655853451677 702.3733109795389 0 255 255 255
454.0090463274855 534.1325883232889 0 255 255 255
434.95197845639177 438.8967484795389 0 255 255 255
412.612195741548 320.2331742607889 0 255 255 255
403.390516054048 269.8930863701639 0 255 255 255
431.87605072201677 413.9282426201639 0 255 255 255
538.193250429048 967.1147660576639 0 255 255 255
385.64692474545427 173.56618207328893 0 255 255 255
359.21833587826677 260.4681596123514 0 255 255 255
