439.53841465564255 150.29228405504728 0 255 255 255
435.80306309314255 903.8596668675473 0 255 255 255
434.01155918689255 131.12822155504728 0 255 255 255
768.0970084056426 796.8962879612973 0 255 255 255
252.51546543689255 206.74150280504728 0 255 255 255
430.73909824939255 924.9651356175473 0 255 255 255
607.0979849681426 833.9844227269223 0 255 255 255
391.83773106189255 148.16508678942228 0 255 255 255
538.8064810618926 861.0666981175473 0 255 255 255
355.58528965564255 164.06205944567228 0 255 255 255
483.28011387439255 153.51957897692228 0 255 255 255
305.21028965564255 207.23124889879728 0 255 255 255
487.66292637439255 880.6589832737973 0 255 255 255
490.24153965564255 130.14164928942228 0 255 255 255
461.05745762439255 141.23906139879728 0 255 255 255
392.94857090564255 169.76860241442228 0 255 255 255
124.58284824939255 280.2322254612973 0 255 255 255
395.53743809314255 913.6079578831723 0 255 255 255
414.38753574939255 160.93657116442228 0 255 255 255
