359.86306486371404 970.2532275453693 0 255 255 255
318.05718717816717 854.7344287172443 0 255 255 255
290.3678866410578 785.4876025453693 0 255 255 255
328.2048312211359 148.13323242818183 0 255 255 255
160.97959623578436 434.7201464906818 0 255 255 255
420.1695529008234 949.7102587953693 0 255 255 255
467.84829435590154 1073.9832080141193 0 255 255 255
214.2984286332453 395.3179248109943 0 255 255 255
473.10024748090154 1002.9668505922443 0 255 255 255
366.7912264848078 188.76458008443183 0 255 255 255
214.2984286332453 395.3179248109943 0 255 255 255
498.83022794965154 980.6895068422443 0 255 255 255
726.9745760941828 909.9578173891193 0 255 255 255
777.2447787309015 960.1328662172443 0 255 255 255
582.2489901566828 1034.0544970766193 0 255 255 255
753.3061190629328 981.9246142641193 0 255 255 255
385.13332853558904 1041.4790576234943 0 255 255 255
549.636502363714 1030.5273974672443 0 255 255 255
645.286648848089 861.4773486391193 0 255 255 255
299.68032560590154 808.7666552797443 0 255 255 255
368.7622042680109 994.4797900453693 0 255 255 255
99.92059049847967 268.1578906313068 0 255 255 255
109.48534879926092 292.9937060609943 0 255 255 255
125.93691740277654 340.6350634828693 0 255 255 255
135.05889616254217 366.0940478578693 0 255 255 255
731.5841952348078 667.2484668031818 0 255 255 255
744.717557051214 958.3013232484943 0 255 255 255
169.70466337445623 460.1934130922443 0 255 255 255
366.9267245316828 127.39592774068183 0 255 255 255
143.5641299271906 391.1813281313068 0 255 255 255
283.87493620160467 580.7245410219318 0 255 255 255
281.74929533246404 761.6255419984943 0 255 255 255
791.848416426214 915.5847705141193 0 255 255 255
421.95461759808904 1042.7109912172443 0 255 255 255
420.1695529008234 949.7102587953693 0 255 255 255
710.6630526566828 952.0164111391193 0 255 255 255
686.3451205277765 974.1147998109943 0 255 255 255
526.012967207464 1052.1062548891193 0 255 255 255
377.7940646195734 1020.3972705141193 0 255 255 255
