177.48160479967873 198.62750729218214 0 255 255 255
973.7760383934287 46.13277157440871 0 255 255 255
201.83951495592873 194.32663448944777 0 255 255 255
430.10221026842873 150.53873165741652 0 255 255 255
479.76236651842873 141.19110592499464 0 255 255 255
572.7941047996787 123.66580685272902 0 255 255 255
973.7760383934287 46.13277157440871 0 255 255 255
736.8419563621787 91.47096737518996 0 255 255 255
781.8690559715537 83.26833065643996 0 255 255 255
641.9845344871787 110.42735775604933 0 255 255 255
548.9813606590537 127.85678585663527 0 255 255 255
315.91104815905373 172.46146114960402 0 255 255 255
269.50089190905373 181.12274654999464 0 255 255 255
618.0069954246787 112.9846239914009 0 255 255 255
713.5167610496787 95.61496456757277 0 255 255 255
948.2401497215537 50.21342953339308 0 255 255 255
665.0953743309287 104.94069393768996 0 255 255 255
501.42935870592873 137.12592037811964 0 255 255 255
409.20035479967873 154.8740282882759 0 255 255 255
292.98013995592873 176.5877734054634 0 255 255 255
244.21402667467873 185.64655026093214 0 255 255 255
383.88736651842873 158.1804247726509 0 255 255 255
925.1266243309287 55.79990109101027 0 255 255 255
151.85855792467873 202.17337521210402 0 255 255 255
