480.12574234047634 777.6675060130237 0 255 255 255
108.72266616860134 194.28689077864874 0 255 255 255
215.14234390297634 152.26955679427374 0 255 255 255
108.72266616860134 194.28689077864874 0 255 255 255
215.59937515297634 361.24025991927374 0 255 255 255
194.79346694985134 328.53274038802374 0 255 255 255
412.58912124672634 670.4074962473987 0 255 255 255
269.34253921547634 447.81154898177374 0 255 255 255
226.08741226235134 377.51174429427374 0 255 255 255
119.27393569985134 211.67629507552374 0 255 255 255
248.52662124672634 413.22829702864874 0 255 255 255
423.73609390297634 688.0852306223987 0 255 255 255
448.07935562172634 727.0000255442737 0 255 255 255
379.83277359047634 620.9787853098987 0 255 255 255
129.15503921547634 225.56325796614874 0 255 255 255
549.3991798404763 811.3054454661487 0 255 255 255
598.9655860904763 810.6650646067737 0 255 255 255
549.5319923404763 822.3242442942737 0 255 255 255
