493.96895754034267 857.3729626017539 0 255 255 255
273.43917238409267 1068.020179398629 0 255 255 255
444.07149660284267 167.3868786173789 0 255 255 255
545.9782348840927 855.2193981486289 0 255 255 255
428.47677004034267 232.7062145548789 0 255 255 255
535.3507934778427 406.8141247111289 0 255 255 255
508.80733644659267 599.6041637736289 0 255 255 255
545.9782348840927 855.2193981486289 0 255 255 255
403.23946535284267 248.1234508830039 0 255 255 255
201.87276613409267 264.9410778361289 0 255 255 255
167.70040285284267 206.3119274455039 0 255 255 255
342.93819582159267 180.5358043986289 0 255 255 255
190.90645754034267 191.1883922892539 0 255 255 255
505.57833254034267 191.2071911173789 0 255 255 255
368.76534425909267 189.9547497111289 0 255 255 255
262.75362550909267 328.4364391642539 0 255 255 255
542.7463012903427 454.5350719767539 0 255 255 255
514.9450317590927 263.9064098673789 0 255 255 255
212.18477785284267 832.5004040080039 0 255 255 255
553.7575317590927 179.3827282267539 0 255 255 255
549.8283325403427 501.3902965861289 0 255 255 255
447.03585207159267 129.0187145548789 0 255 255 255
147.96260988409267 245.8370739298789 0 255 255 255
477.66329347784267 206.7013317423789 0 255 255 255
519.7970825403427 120.9086071330039 0 255 255 255
221.93282472784267 228.3902965861289 0 255 255 255
245.95479738409267 213.1468883830039 0 255 255 255
498.89425050909267 1063.964759476754 0 255 255 255
392.18087160284267 174.9291149455039 0 255 255 255
