386.76457904391054 893.802437751116 0 255 255 255
373.72649310641054 124.14289185267853 0 255 255 255
395.91008685641054 911.262642829241 0 255 255 255
573.2977821689105 768.6614465401785 0 255 255 255
93.70378802828554 279.57782837611603 0 255 255 255
407.53752826266054 105.27387329799103 0 255 255 255
480.93645404391054 829.7044152901785 0 255 255 255
545.2909462314105 809.7478723214285 0 255 255 255
232.26506732516054 218.94330689174103 0 255 255 255
431.82268451266054 886.945992438616 0 255 255 255
290.18205951266054 180.64533325892853 0 255 255 255
461.22795795016054 867.409859626116 0 255 255 255
498.23821185641054 817.510933844866 0 255 255 255
330.28801654391054 153.55963989955353 0 255 255 255
345.10149310641054 921.0313195870535 0 255 255 255
425.73772357516054 867.4395227120535 0 255 255 255
407.77043841891054 879.3728723214285 0 255 255 255
332.55022357516054 126.99579712611603 0 255 255 255
