549.4841872406778 275.6270044546425 0 255 255 255
515.0999098969278 889.418630431205 0 255 255 255
576.0032302094278 474.064626524955 0 255 255 255
280.4841872406778 1149.16106207183 0 255 255 255
626.6082106781778 848.116872618705 0 255 255 255
535.1545973969278 612.2502954702675 0 255 255 255
444.6536208344278 176.30571539214247 0 255 255 255
425.6516677094278 249.38225347807997 0 255 255 255
174.09795677192778 243.64397222807997 0 255 255 255
361.0686598969278 183.82842047026747 0 255 255 255
530.1521559906778 144.57298834136122 0 255 255 255
198.59698020942778 219.48338873198622 0 255 255 255
540.0300856781778 199.42094976714247 0 255 255 255
535.6628981781778 172.24052984526747 0 255 255 255
390.2400466156778 192.35008795073622 0 255 255 255
572.7996169281778 449.215017149955 0 255 255 255
545.2146559906778 249.84447271636122 0 255 255 255
646.6936598969278 997.2061060171425 0 255 255 255
637.4675856781778 919.71184332183 0 255 255 255
210.72002708442778 171.14598638823622 0 255 255 255
623.3474684906778 820.8777368765175 0 255 255 255
603.1848708344278 673.471853087455 0 255 255 255
214.61699974067778 910.473806212455 0 255 255 255
475.0872145844278 183.73003179839247 0 255 255 255
541.1663161469278 445.40471441558 0 255 255 255
383.6624098969278 1133.372243712455 0 255 255 255
633.5222731781778 891.340993712455 0 255 255 255
506.1907302094278 193.47270757964247 0 255 255 255
232.28545677192778 257.37395269683 0 255 255 255
519.9475661469278 1109.74846441558 0 255 255 255
415.0964919281778 171.76256353667372 0 255 255 255
