451.3371390365801 1139.9688306601138 0 255 255 255
465.6100882553301 1158.7339673788638 0 255 255 255
519.4533499740801 1053.3448072226138 0 255 255 255
329.2048148178301 209.81038339448878 0 255 255 255
403.6130179428301 1168.4082837851138 0 255 255 255
557.6305960678301 1075.5601392538638 0 255 255 255
473.2150687240801 1091.3291822226138 0 255 255 255
380.2067679428301 1174.0166822226138 0 255 255 255
249.11643591158008 240.80183847261378 0 255 255 255
505.3552054428301 1135.4742017538638 0 255 255 255
310.8093070053301 208.20467050386378 0 255 255 255
663.7023734115801 991.2422681601138 0 255 255 255
353.8591116928301 185.23372323823878 0 255 255 255
399.4030570053301 1114.1192212851138 0 255 255 255
538.4660452865801 1062.6870923788638 0 255 255 255
431.2053030990801 1151.5742994101138 0 255 255 255
403.3957327865801 1197.1192212851138 0 255 255 255
636.0964163803301 675.6299634726138 0 255 255 255
475.6218070053301 1125.1382642538638 0 255 255 255
354.0378226303301 1132.8545728476138 0 255 255 255
628.6262015365801 961.8306470663638 0 255 255 255
