208.54680022718094 186.77353211431455 0 255 255 255
976.1102767896809 53.44906922368955 0 255 255 255
232.52092132093094 182.6337005713458 0 255 255 255
1016.8456283521809 124.1722747900958 0 255 255 255
451.27140960218094 144.87668152837705 0 255 255 255
501.46818694593094 136.9455902197833 0 255 255 255
589.8759017896809 121.31064148931455 0 255 255 255
976.1102767896809 53.44906922368955 0 255 255 255
748.8817611646809 93.11325379400205 0 255 255 255
791.8500228834309 85.9075042822833 0 255 255 255
654.7059799146809 109.2927581885333 0 255 255 255
566.8290267896809 124.76779480962705 0 255 255 255
342.61320647718094 163.7617523291583 0 255 255 255
298.35930022718094 171.63595887212705 0 255 255 255
632.4183822584309 111.9971038916583 0 255 255 255
725.7269760084309 96.63388367681455 0 255 255 255
951.2015853834309 56.78122254400205 0 255 255 255
677.7279525709309 105.1223480322833 0 255 255 255
520.6825424146809 133.5165130713458 0 255 255 255
431.10392913343094 148.7806732275958 0 255 255 255
319.39836272718094 167.6019622900958 0 255 255 255
273.36711272718094 175.68844910650205 0 255 255 255
406.71476897718094 151.5276214697833 0 255 255 255
184.38322600843094 190.38949891118955 0 255 255 255
262.06779632093094 213.80685730962705 0 255 255 255
199.64738616468094 236.82773133306455 0 255 255 255
