25
-2.08323 1.86551 3.93602 255 255 255
-2.15277 1.75276 3.84639 255 255 255
-2.04749 1.91277 3.77045 255 255 255
-2.11616 1.82707 3.79935 255 255 255
-1.94605 2.08821 3.79086 255 255 255
-2.07779 1.86879 3.77367 255 255 255
-1.99152 2.01173 3.82903 255 255 255
-1.99209 2.01274 3.82899 255 255 255
-2.08471 1.86776 3.687 255 255 255
-2.05311 1.90823 3.66225 255 255 255
-2.07266 1.88219 3.60102 255 255 255
-2.04718 1.9141 3.77339 255 255 255
-2.04911 1.92096 3.70292 255 255 255
-2.04991 1.91289 3.82756 255 255 255
-2.04794 1.92172 3.67124 255 255 255
-2.0859 1.85981 3.61433 255 255 255
-1.91657 2.14619 3.88629 255 255 255
-2.03915 1.93249 3.69365 255 255 255
-2.05209 1.91666 3.57965 255 255 255
-2.08477 1.86785 3.68678 255 255 255
-2.09444 1.84961 3.68235 255 255 255
-1.96163 2.06296 3.84368 255 255 255
-2.06554 1.89361 3.59351 255 255 255
-2.13399 1.78228 3.93393 255 255 255
-2.09441 1.85067 3.68395 255 255 255
