26
-2.0526 1.92491 3.70663 255 255 255
-2.1392 1.76725 3.82089 255 255 255
-2.12964 1.79086 3.79144 255 255 255
-2.14958 1.73887 3.91962 255 255 255
-1.97387 2.03344 3.50807 255 255 255
-1.94605 2.08821 3.79086 255 255 255
-1.99152 2.01173 3.82903 255 255 255
-2.15057 1.76303 3.7921 255 255 255
-1.99209 2.01274 3.82899 255 255 255
-2.0627 1.89217 3.7952 255 255 255
-2.07266 1.88219 3.60102 255 255 255
-2.04718 1.9141 3.77339 255 255 255
-2.04911 1.92096 3.70292 255 255 255
-2.0498 1.91803 3.7769 255 255 255
-2.04991 1.91289 3.82756 255 255 255
-2.10988 1.84599 3.84072 255 255 255
-1.97493 2.05609 3.78463 255 255 255
-2.15715 1.7503 3.90445 255 255 255
-2.1653 1.73851 3.79846 255 255 255
-2.07433 1.87776 3.62965 255 255 255
-2.0859 1.85981 3.61433 255 255 255
-2.1385 1.78933 3.93839 255 255 255
-2.05209 1.91666 3.57965 255 255 255
-2.15575 1.75566 3.84691 255 255 255
-1.96163 2.06296 3.84368 255 255 255
-2.06554 1.89361 3.59351 255 255 255
