31
-2.11134 1.82888 3.7948 255 255 255
-1.92363 2.14253 3.82716 255 255 255
-1.90145 2.16872 3.60238 255 255 255
-2.1503 1.74386 3.91621 255 255 255
-2.04614 1.91793 3.67608 255 255 255
-1.94803 2.10934 3.83596 255 255 255
-2.07301 1.8687 3.62535 255 255 255
-1.97387 2.03344 3.50807 255 255 255
-2.06191 1.88908 3.78992 255 255 255
-2.14873 1.74832 3.8395 255 255 255
-2.15057 1.76303 3.7921 255 255 255
-2.11501 1.82382 3.83911 255 255 255
-2.04451 1.90847 3.83656 255 255 255
-2.16304 1.73195 3.67553 255 255 255
-2.08536 1.8637 3.61656 255 255 255
-2.13478 1.78189 3.93315 255 255 255
-2.15392 1.74429 3.92176 255 255 255
-2.14004 1.77539 3.82407 255 255 255
-2.02679 1.94186 3.94166 255 255 255
-2.17436 1.69338 3.93281 255 255 255
-1.96163 2.06296 3.84368 255 255 255
-2.0524 1.91252 3.82664 255 255 255
-1.98761 2.01083 3.78852 255 255 255
-2.05132 1.91909 3.65026 255 255 255
-2.15651 1.74852 3.8544 255 255 255
-1.91602 2.14859 3.58639 255 255 255
-2.13399 1.78228 3.93393 255 255 255
-2.04505 1.91815 3.67337 255 255 255
-1.93305 2.10878 3.86253 255 255 255
-1.96138 2.06271 3.8433 255 255 255
-1.90348 2.14698 3.59484 255 255 255
