31
-2.09288 1.85036 3.68225 255 255 255
-2.15828 1.75589 3.8506 255 255 255
-2.11643 1.82433 3.84094 255 255 255
-1.90145 2.16872 3.60238 255 255 255
-2.1503 1.74386 3.91621 255 255 255
-2.12964 1.79086 3.79144 255 255 255
-1.97387 2.03344 3.50807 255 255 255
-2.15416 1.75033 3.90339 255 255 255
-2.15057 1.76303 3.7921 255 255 255
-1.91445 2.12922 3.58111 255 255 255
-2.04718 1.9141 3.77339 255 255 255
-2.11027 1.83266 3.7997 255 255 255
-2.13478 1.78189 3.93315 255 255 255
-2.15392 1.74429 3.92176 255 255 255
-2.04991 1.91289 3.82756 255 255 255
-1.89264 2.1674 3.61106 255 255 255
-2.14004 1.77539 3.82407 255 255 255
-2.05209 1.91666 3.57965 255 255 255
-1.92947 2.14175 3.84321 255 255 255
-1.96163 2.06296 3.84368 255 255 255
-2.0524 1.91252 3.82664 255 255 255
-2.08005 1.87013 3.62808 255 255 255
-1.98083 2.03377 3.76198 255 255 255
-2.15651 1.74852 3.8544 255 255 255
-2.04737 1.91365 3.77417 255 255 255
-2.15921 1.75 3.85955 255 255 255
-1.91602 2.14859 3.58639 255 255 255
-2.13399 1.78228 3.93393 255 255 255
-1.94099 2.1059 3.83179 255 255 255
-2.04523 1.92614 3.80243 255 255 255
-1.90348 2.14698 3.59484 255 255 255
