32
-2.11134 1.82888 3.7948 255 255 255
-2.09288 1.85036 3.68225 255 255 255
-2.08613 1.86677 3.6866 255 255 255
-2.11643 1.82433 3.84094 255 255 255
-2.16691 1.72861 3.93917 255 255 255
-2.04614 1.91793 3.67608 255 255 255
-2.12964 1.79086 3.79144 255 255 255
-2.11632 1.80345 3.92472 255 255 255
-2.10195 1.84254 3.8789 255 255 255
-2.07527 1.87178 3.77082 255 255 255
-2.15416 1.75033 3.90339 255 255 255
-2.15057 1.76303 3.7921 255 255 255
-1.99209 2.01274 3.82899 255 255 255
-2.0627 1.89217 3.7952 255 255 255
-2.16304 1.73195 3.67553 255 255 255
-2.04718 1.9141 3.77339 255 255 255
-2.04991 1.91289 3.82756 255 255 255
-2.07514 1.87164 3.77064 255 255 255
-2.1653 1.73851 3.79846 255 255 255
-2.11366 1.80013 3.92018 255 255 255
-2.12752 1.79034 3.84447 255 255 255
-2.16353 1.72524 3.93487 255 255 255
-2.15181 1.74891 3.92998 255 255 255
-2.14004 1.77539 3.82407 255 255 255
-2.05209 1.91666 3.57965 255 255 255
-2.15575 1.75566 3.84691 255 255 255
-2.06016 1.92271 3.67398 255 255 255
-2.04737 1.91365 3.77417 255 255 255
-2.10484 1.84707 3.84135 255 255 255
-2.06554 1.89361 3.59351 255 255 255
-2.13399 1.78228 3.93393 255 255 255
-2.09441 1.85067 3.68395 255 255 255
