38
-2.11643 1.82433 3.84094 255 255 255
-2.0526 1.92491 3.70663 255 255 255
-2.16691 1.72861 3.93917 255 255 255
-2.12964 1.79086 3.79144 255 255 255
-2.11632 1.80345 3.92472 255 255 255
-2.07527 1.87178 3.77082 255 255 255
-2.15057 1.76303 3.7921 255 255 255
-1.99209 2.01274 3.82899 255 255 255
-2.0627 1.89217 3.7952 255 255 255
-2.07266 1.88219 3.60102 255 255 255
-2.08536 1.8637 3.61656 255 255 255
-2.04718 1.9141 3.77339 255 255 255
-2.04911 1.92096 3.70292 255 255 255
-2.0498 1.91803 3.7769 255 255 255
-2.04991 1.91289 3.82756 255 255 255
-2.14163 1.77516 3.83395 255 255 255
-2.04794 1.92172 3.67124 255 255 255
-2.04754 1.92158 3.67056 255 255 255
-2.07514 1.87164 3.77064 255 255 255
-2.15715 1.7503 3.90445 255 255 255
-2.1653 1.73851 3.79846 255 255 255
-2.07433 1.87776 3.62965 255 255 255
-2.11935 1.80761 3.9026 255 255 255
-2.11366 1.80013 3.92018 255 255 255
-2.03915 1.93249 3.69365 255 255 255
-2.12752 1.79034 3.84447 255 255 255
-2.16353 1.72524 3.93487 255 255 255
-1.99203 2.01924 3.78222 255 255 255
-2.15181 1.74891 3.92998 255 255 255
-1.96899 2.04474 3.77581 255 255 255
-2.14004 1.77539 3.82407 255 255 255
-2.05209 1.91666 3.57965 255 255 255
-2.15575 1.75566 3.84691 255 255 255
-2.06016 1.92271 3.67398 255 255 255
-1.96163 2.06296 3.84368 255 255 255
-2.10484 1.84707 3.84135 255 255 255
-2.13399 1.78228 3.93393 255 255 255
-1.94611 2.10227 3.55157 255 255 255
