30
-2.09288 1.85036 3.68225 255 255 255
-2.11643 1.82433 3.84094 255 255 255
-2.14117 1.77548 3.82766 255 255 255
-1.90145 2.16872 3.60238 255 255 255
-2.12964 1.79086 3.79144 255 255 255
-1.97387 2.03344 3.50807 255 255 255
-2.15416 1.75033 3.90339 255 255 255
-1.91445 2.12922 3.58111 255 255 255
-2.04661 1.91089 3.82461 255 255 255
-2.04718 1.9141 3.77339 255 255 255
-2.13478 1.78189 3.93315 255 255 255
-2.15392 1.74429 3.92176 255 255 255
-1.94332 2.10474 3.83508 255 255 255
-1.89264 2.1674 3.61106 255 255 255
-1.96163 2.06296 3.84368 255 255 255
-2.08005 1.87013 3.62808 255 255 255
-2.15651 1.74852 3.8544 255 255 255
-2.04684 1.91942 3.67087 255 255 255
-2.04737 1.91365 3.77417 255 255 255
-1.91602 2.14859 3.58639 255 255 255
-1.93305 2.10878 3.86253 255 255 255
-1.94099 2.1059 3.83179 255 255 255
-1.99535 2.01097 3.83514 255 255 255
-1.96138 2.06271 3.8433 255 255 255
-1.88827 2.16197 3.88009 255 255 255
-1.93549 2.09759 3.92464 255 255 255
-2.0468 1.91941 3.67064 255 255 255
-2.08852 1.86493 3.68771 255 255 255
-2.16266 1.72082 3.89041 255 255 255
-1.90348 2.14698 3.59484 255 255 255
