23
-2.16691 1.72861 3.93917 255 255 255
-2.12964 1.79086 3.79144 255 255 255
-2.15277 1.75276 3.84639 255 255 255
-1.97387 2.03344 3.50807 255 255 255
-2.11616 1.82707 3.79935 255 255 255
-1.99209 2.01274 3.82899 255 255 255
-2.07266 1.88219 3.60102 255 255 255
-2.16304 1.73195 3.67553 255 255 255
-2.08536 1.8637 3.61656 255 255 255
-2.15513 1.74582 3.67637 255 255 255
-2.04718 1.9141 3.77339 255 255 255
-2.04991 1.91289 3.82756 255 255 255
-1.96899 2.04474 3.77581 255 255 255
-2.02679 1.94186 3.94166 255 255 255
-2.05209 1.91666 3.57965 255 255 255
-2.0767 1.87962 3.68621 255 255 255
-2.09444 1.84961 3.68235 255 255 255
-2.1532 1.76228 3.79753 255 255 255
-1.96163 2.06296 3.84368 255 255 255
-1.91602 2.14859 3.58639 255 255 255
-2.06554 1.89361 3.59351 255 255 255
-2.13399 1.78228 3.93393 255 255 255
-2.09441 1.85067 3.68395 255 255 255
