28
-2.11134 1.82888 3.7948 255 255 255
-2.09288 1.85036 3.68225 255 255 255
-2.08613 1.86677 3.6866 255 255 255
-2.11643 1.82433 3.84094 255 255 255
-2.04614 1.91793 3.67608 255 255 255
-2.12964 1.79086 3.79144 255 255 255
-2.11632 1.80345 3.92472 255 255 255
-2.10195 1.84254 3.8789 255 255 255
-1.97387 2.03344 3.50807 255 255 255
-2.15416 1.75033 3.90339 255 255 255
-2.06191 1.88908 3.78992 255 255 255
-2.14873 1.74832 3.8395 255 255 255
-1.91445 2.12922 3.58111 255 255 255
-2.16304 1.73195 3.67553 255 255 255
-2.04718 1.9141 3.77339 255 255 255
-2.04991 1.91289 3.82756 255 255 255
-2.04857 1.91501 3.65001 255 255 255
-2.14004 1.77539 3.82407 255 255 255
-2.05209 1.91666 3.57965 255 255 255
-2.17436 1.69338 3.93281 255 255 255
-2.1532 1.76228 3.79753 255 255 255
-1.96163 2.06296 3.84368 255 255 255
-2.0524 1.91252 3.82664 255 255 255
-2.07537 1.88378 3.60656 255 255 255
-2.09499 1.8726 3.81374 255 255 255
-1.91602 2.14859 3.58639 255 255 255
-2.06554 1.89361 3.59351 255 255 255
-2.13399 1.78228 3.93393 255 255 255
