28
-1.90145 2.16872 3.60238 255 255 255
-2.12964 1.79086 3.79144 255 255 255
-2.07527 1.87178 3.77082 255 255 255
-1.97387 2.03344 3.50807 255 255 255
-2.15416 1.75033 3.90339 255 255 255
-2.08455 1.86262 3.90624 255 255 255
-2.1178 1.80943 3.77597 255 255 255
-2.15057 1.76303 3.7921 255 255 255
-2.0627 1.89217 3.7952 255 255 255
-2.04718 1.9141 3.77339 255 255 255
-2.13857 1.77877 3.76723 255 255 255
-2.10988 1.84599 3.84072 255 255 255
-1.89264 2.1674 3.61106 255 255 255
-2.14163 1.77516 3.83395 255 255 255
-2.15715 1.7503 3.90445 255 255 255
-2.05209 1.91666 3.57965 255 255 255
-2.17436 1.69338 3.93281 255 255 255
-2.07537 1.88378 3.60656 255 255 255
-2.09499 1.8726 3.81374 255 255 255
-2.05132 1.91909 3.65026 255 255 255
-2.08005 1.87013 3.62808 255 255 255
-2.04737 1.91365 3.77417 255 255 255
-2.03716 1.91506 3.6771 255 255 255
-2.15921 1.75 3.85955 255 255 255
-1.91602 2.14859 3.58639 255 255 255
-2.13399 1.78228 3.93393 255 255 255
-2.16266 1.72082 3.89041 255 255 255
-1.90348 2.14698 3.59484 255 255 255
