23
-1.93514 2.13282 3.85882 255 255 255
-2.08779 1.87298 3.74844 255 255 255
-2.04718 1.9141 3.77339 255 255 255
-2.04991 1.91289 3.82756 255 255 255
-1.89264 2.1674 3.61106 255 255 255
-1.96163 2.06296 3.84368 255 255 255
-2.08005 1.87013 3.62808 255 255 255
-2.04737 1.91365 3.77417 255 255 255
-1.91602 2.14859 3.58639 255 255 255
-1.93305 2.10878 3.86253 255 255 255
-1.99535 2.01097 3.83514 255 255 255
-1.96138 2.06271 3.8433 255 255 255
-2.04593 1.91852 3.69947 255 255 255
-2.04593 1.91852 3.69947 255 255 255
-1.88827 2.16197 3.88009 255 255 255
-1.97461 2.04672 3.78136 255 255 255
-1.93549 2.09759 3.92464 255 255 255
-1.96959 2.04761 3.77777 255 255 255
-2.0468 1.91941 3.67064 255 255 255
-1.97628 2.04461 3.84157 255 255 255
-1.92996 2.12864 3.81391 255 255 255
-2.11431 1.81633 3.77742 255 255 255
-1.90348 2.14698 3.59484 255 255 255
