30
-2.0526 1.92491 3.70663 255 255 255
-2.16691 1.72861 3.93917 255 255 255
-2.12964 1.79086 3.79144 255 255 255
-2.11632 1.80345 3.92472 255 255 255
-2.07527 1.87178 3.77082 255 255 255
-2.15057 1.76303 3.7921 255 255 255
-2.0627 1.89217 3.7952 255 255 255
-2.13562 1.78595 3.90428 255 255 255
-1.96246 2.04393 3.77385 255 255 255
-1.98452 2.0093 3.81911 255 255 255
-2.04718 1.9141 3.77339 255 255 255
-2.11027 1.83266 3.7997 255 255 255
-2.0498 1.91803 3.7769 255 255 255
-2.04991 1.91289 3.82756 255 255 255
-2.14163 1.77516 3.83395 255 255 255
-2.07514 1.87164 3.77064 255 255 255
-2.15715 1.7503 3.90445 255 255 255
-2.1653 1.73851 3.79846 255 255 255
-2.11935 1.80761 3.9026 255 255 255
-2.04857 1.91501 3.65001 255 255 255
-2.16353 1.72524 3.93487 255 255 255
-1.99203 2.01924 3.78222 255 255 255
-2.15181 1.74891 3.92998 255 255 255
-2.14004 1.77539 3.82407 255 255 255
-2.15575 1.75566 3.84691 255 255 255
-2.10484 1.84707 3.84135 255 255 255
-1.91602 2.14859 3.58639 255 255 255
-2.13399 1.78228 3.93393 255 255 255
-2.16266 1.72082 3.89041 255 255 255
-1.90348 2.14698 3.59484 255 255 255
