27
-2.0526 1.92491 3.70663 255 255 255
-2.12964 1.79086 3.79144 255 255 255
-2.07527 1.87178 3.77082 255 255 255
-1.97387 2.03344 3.50807 255 255 255
-2.08455 1.86262 3.90624 255 255 255
-2.15057 1.76303 3.7921 255 255 255
-2.0627 1.89217 3.7952 255 255 255
-2.13562 1.78595 3.90428 255 255 255
-2.04661 1.91089 3.82461 255 255 255
-2.07266 1.88219 3.60102 255 255 255
-2.04718 1.9141 3.77339 255 255 255
-2.11027 1.83266 3.7997 255 255 255
-2.13857 1.77877 3.76723 255 255 255
-2.04911 1.92096 3.70292 255 255 255
-2.0498 1.91803 3.7769 255 255 255
-2.04991 1.91289 3.82756 255 255 255
-2.10988 1.84599 3.84072 255 255 255
-1.89264 2.1674 3.61106 255 255 255
-2.14163 1.77516 3.83395 255 255 255
-2.04794 1.92172 3.67124 255 255 255
-2.04754 1.92158 3.67056 255 255 255
-2.07514 1.87164 3.77064 255 255 255
-2.11935 1.80761 3.9026 255 255 255
-2.04857 1.91501 3.65001 255 255 255
-2.05209 1.91666 3.57965 255 255 255
-2.06554 1.89361 3.59351 255 255 255
-1.90348 2.14698 3.59484 255 255 255
