37
-2.09288 1.85036 3.68225 255 255 255
-2.08613 1.86677 3.6866 255 255 255
-1.90145 2.16872 3.60238 255 255 255
-2.12964 1.79086 3.79144 255 255 255
-2.11632 1.80345 3.92472 255 255 255
-2.07527 1.87178 3.77082 255 255 255
-1.97387 2.03344 3.50807 255 255 255
-2.15416 1.75033 3.90339 255 255 255
-2.08455 1.86262 3.90624 255 255 255
-2.15057 1.76303 3.7921 255 255 255
-2.0627 1.89217 3.7952 255 255 255
-2.04661 1.91089 3.82461 255 255 255
-1.96246 2.04393 3.77385 255 255 255
-2.16304 1.73195 3.67553 255 255 255
-1.98452 2.0093 3.81911 255 255 255
-2.04718 1.9141 3.77339 255 255 255
-2.11027 1.83266 3.7997 255 255 255
-2.04991 1.91289 3.82756 255 255 255
-1.89264 2.1674 3.61106 255 255 255
-2.07514 1.87164 3.77064 255 255 255
-2.04857 1.91501 3.65001 255 255 255
-2.15181 1.74891 3.92998 255 255 255
-2.05209 1.91666 3.57965 255 255 255
-2.17436 1.69338 3.93281 255 255 255
-2.07537 1.88378 3.60656 255 255 255
-2.09499 1.8726 3.81374 255 255 255
-2.08005 1.87013 3.62808 255 255 255
-1.98083 2.03377 3.76198 255 255 255
-2.04737 1.91365 3.77417 255 255 255
-2.03716 1.91506 3.6771 255 255 255
-2.15921 1.75 3.85955 255 255 255
-2.10484 1.84707 3.84135 255 255 255
-1.91602 2.14859 3.58639 255 255 255
-2.13399 1.78228 3.93393 255 255 255
-1.94611 2.10227 3.55157 255 255 255
-2.16266 1.72082 3.89041 255 255 255
-1.90348 2.14698 3.59484 255 255 255
