529.5399038395562 280.1930767646793 0 255 255 255
1101.8074819645562 84.59947935256992 0 255 255 255
1089.4007436833062 65.73158994827304 0 255 255 255
200.40049954268125 171.4641949287418 0 255 255 255
589.5430776676812 143.86647764358554 0 255 255 255
796.8709585270562 338.02956358108554 0 255 255 255
891.4681264958062 75.42678037796054 0 255 255 255
880.9532339176812 326.7920757881168 0 255 255 255
1166.1585561833062 292.7771832099918 0 255 255 255
1003.3069936833062 57.260062848663665 0 255 255 255
778.0955679020562 95.63591734085117 0 255 255 255
880.2745229801812 102.65669981155429 0 255 255 255
813.9149038395562 84.56621519241367 0 255 255 255
692.5845815739312 107.06517759475742 0 255 255 255
1063.2552358708062 49.44631162796054 0 255 255 255
571.5350210270562 121.93965879592929 0 255 255 255
529.5399038395562 280.1930767646793 0 255 255 255
290.27964993330625 167.1438824287418 0 255 255 255
650.7559682926812 112.76903501663242 0 255 255 255
611.8226186833062 218.55654112014804 0 255 255 255
583.0108511051812 481.43520322952304 0 255 255 255
385.97667141768125 530.6474224678043 0 255 255 255
700.9598257145562 258.9994732490543 0 255 255 255
700.9598257145562 258.9994732490543 0 255 255 255
604.1905386051812 321.62844053421054 0 255 255 255
1103.7327749333062 205.2733990303043 0 255 255 255
446.67296048018125 536.6554791084293 0 255 255 255
682.2711050114312 443.3116070381168 0 255 255 255
