464.4468395119734 299.4758817371667 0 255 255 255
166.3745738869734 132.95659462779167 0 255 255 255
638.5203258400984 402.4961454090417 0 255 255 255
681.5923473244734 106.77641884654167 0 255 255 255
771.3320934182234 122.72734658091667 0 255 255 255
714.4175426369734 101.50005165904167 0 255 255 255
605.8137828713484 112.00371376841667 0 255 255 255
934.4885875588484 88.41094033091667 0 255 255 255
498.5059215432234 115.71367470591667 0 255 255 255
464.4468395119734 299.4758817371667 0 255 255 255
569.5772106057234 113.09087197154167 0 255 255 255
276.3264781838484 369.9231473621667 0 255 255 255
