544.5479252408763 326.926034894791 0 255 255 255
1114.3672611783763 146.32715794166597 0 255 255 255
1100.9746830533763 132.91040989479097 0 255 255 255
199.03986860025134 244.16578098854097 0 255 255 255
595.2588627408763 214.10132786354097 0 255 255 255
826.2476322721263 369.624765363541 0 255 255 255
899.7207768033763 143.99366184791597 0 255 255 255
752.2549564908763 375.004159894791 0 255 255 255
913.6206791471263 358.362070051041 0 255 255 255
1207.3252689908763 320.931405988541 0 255 255 255
1015.2134525846263 125.98267551979097 0 255 255 255
786.0264408658763 164.73218723854097 0 255 255 255
890.1070072721263 171.38843723854097 0 255 255 255
820.9541752408763 153.69898411354097 0 255 255 255
698.7984135221263 176.60498997291597 0 255 255 255
1073.4595463346263 116.77295872291597 0 255 255 255
576.0205814908763 191.81226536354097 0 255 255 255
544.5479252408763 326.926034894791 0 255 255 255
290.78498578775134 240.35596653541597 0 255 255 255
625.3311283658763 273.239999738541 0 255 255 255
616.5152103971263 499.179452863541 0 255 255 255
410.41340375650134 549.425058332291 0 255 255 255
724.2447025846263 303.332773176041 0 255 255 255
724.2447025846263 303.332773176041 0 255 255 255
625.1455814908763 358.719003644791 0 255 255 255
327.83820844400134 400.044198957291 0 255 255 255
1133.4121830533763 247.62183567604097 0 255 255 255
476.99763227212634 552.255136457291 0 255 255 255
716.8926518033763 463.684823957291 0 255 255 255
