30
-2.22628 1.73803 3.78812 255 255 255
-2.55287 1.90393 3.99473 255 255 255
-2.47551 1.882 3.98168 255 255 255
-2.55686 1.93568 3.67476 255 255 255
-2.47799 1.87857 3.93822 255 255 255
-2.55447 1.90745 3.9994 255 255 255
-2.4489 1.86102 3.93796 255 255 255
-2.26379 1.75206 3.9317 255 255 255
-2.20457 1.71707 3.89741 255 255 255
-2.30426 1.77897 3.82053 255 255 255
-2.20505 1.71953 3.80686 255 255 255
-2.44919 1.86172 3.97793 255 255 255
-2.41616 1.84046 3.9378 255 255 255
-2.50978 1.89388 3.88459 255 255 255
-2.19729 1.71167 3.75524 255 255 255
-2.50904 1.90208 3.94408 255 255 255
-2.54652 1.92063 3.83479 255 255 255
-2.33802 1.79608 3.95715 255 255 255
-2.54691 1.91779 3.91883 255 255 255
-2.2876 1.76802 3.93308 255 255 255
-2.26043 1.75582 3.9022 255 255 255
-2.54543 1.92242 3.96205 255 255 255
-2.31446 1.80698 3.78865 255 255 255
-2.46706 1.86193 3.85902 255 255 255
-2.31823 1.78438 3.9326 255 255 255
-2.5456 1.90214 3.90725 255 255 255
-2.54269 1.90805 3.77038 255 255 255
-2.24375 1.74608 3.81011 255 255 255
-2.50782 1.89655 3.88705 255 255 255
-2.28805 1.76385 3.92949 255 255 255
