26
-2.34686 1.80132 3.98125 255 255 255
-2.22628 1.73803 3.78812 255 255 255
-2.55287 1.90393 3.99473 255 255 255
-2.53826 1.91427 3.78457 255 255 255
-2.47799 1.87857 3.93822 255 255 255
-2.4489 1.86102 3.93796 255 255 255
-2.26379 1.75206 3.9317 255 255 255
-2.20457 1.71707 3.89741 255 255 255
-2.30426 1.77897 3.82053 255 255 255
-2.28741 1.75906 3.9242 255 255 255
-2.20505 1.71953 3.80686 255 255 255
-2.44919 1.86172 3.97793 255 255 255
-2.41616 1.84046 3.9378 255 255 255
-2.45454 1.86171 3.88118 255 255 255
-2.54652 1.92063 3.83479 255 255 255
-2.33802 1.79608 3.95715 255 255 255
-2.54691 1.91779 3.91883 255 255 255
-2.24197 1.73859 3.93341 255 255 255
-2.31446 1.80698 3.78865 255 255 255
-2.46706 1.86193 3.85902 255 255 255
-2.46253 1.87406 3.8283 255 255 255
-2.31823 1.78438 3.9326 255 255 255
-2.5456 1.90214 3.90725 255 255 255
-2.50782 1.89655 3.88705 255 255 255
-2.28805 1.76385 3.92949 255 255 255
-2.20474 1.71898 3.76267 255 255 255
