21
-2.25214 1.7448 3.91373 255 255 255
-2.34686 1.80132 3.98125 255 255 255
-2.3162 1.7931 3.6764 255 255 255
-2.22628 1.73803 3.78812 255 255 255
-2.55686 1.93568 3.67476 255 255 255
-2.55447 1.90745 3.9994 255 255 255
-2.2876 1.76508 3.93398 255 255 255
-2.30426 1.77897 3.82053 255 255 255
-2.24876 1.74049 3.757 255 255 255
-2.54652 1.92063 3.83479 255 255 255
-2.54691 1.91779 3.91883 255 255 255
-2.29715 1.78416 3.6801 255 255 255
-2.56132 1.92947 3.69518 255 255 255
-2.29794 1.78257 3.6763 255 255 255
-2.24197 1.73859 3.93341 255 255 255
-2.37673 1.81712 3.85107 255 255 255
-2.55523 1.93856 3.68121 255 255 255
-2.20291 1.71643 3.93453 255 255 255
-2.39053 1.83006 3.78642 255 255 255
-2.46949 1.87958 3.8764 255 255 255
-2.24335 1.73805 3.97666 255 255 255
