37
-2.20185 1.70212 3.98902 255 255 255
-2.3549 1.8088 3.76796 255 255 255
-2.31374 1.78603 3.98732 255 255 255
-2.42649 1.85482 3.786 255 255 255
-2.26384 1.75242 3.9328 255 255 255
-2.33046 1.78363 3.84858 255 255 255
-2.24002 1.74645 3.94686 255 255 255
-2.34686 1.80132 3.98125 255 255 255
-2.20303 1.73283 3.91069 255 255 255
-2.22628 1.73803 3.78812 255 255 255
-2.55287 1.90393 3.99473 255 255 255
-2.30433 1.78145 3.77143 255 255 255
-2.37185 1.81799 3.79025 255 255 255
-2.24292 1.75688 3.77971 255 255 255
-2.53826 1.91427 3.78457 255 255 255
-2.31355 1.78459 3.98624 255 255 255
-2.50892 1.90537 3.94797 255 255 255
-2.47799 1.87857 3.93822 255 255 255
-2.4489 1.86102 3.93796 255 255 255
-2.46502 1.87461 3.87635 255 255 255
-2.39469 1.83437 3.93086 255 255 255
-2.26379 1.75206 3.9317 255 255 255
-2.30426 1.77897 3.82053 255 255 255
-2.27045 1.78172 3.79692 255 255 255
-2.28741 1.75906 3.9242 255 255 255
-2.26132 1.75722 3.97829 255 255 255
-2.35461 1.80657 3.76564 255 255 255
-2.3159 1.77497 3.92165 255 255 255
-2.36021 1.79651 3.99008 255 255 255
-2.27806 1.75491 3.94616 255 255 255
-2.37801 1.80736 3.99927 255 255 255
-2.21683 1.72357 3.97882 255 255 255
-2.50904 1.90208 3.94408 255 255 255
-2.46253 1.87406 3.8283 255 255 255
-2.55523 1.93856 3.68121 255 255 255
-2.28805 1.76385 3.92949 255 255 255
-2.20474 1.71898 3.76267 255 255 255
