25
-2.3549 1.8088 3.76796 255 255 255
-2.20506 1.70388 3.9835 255 255 255
-2.27355 1.76661 3.77718 255 255 255
-2.42649 1.85482 3.786 255 255 255
-2.26384 1.75242 3.9328 255 255 255
-2.33046 1.78363 3.84858 255 255 255
-2.55287 1.90393 3.99473 255 255 255
-2.31355 1.78459 3.98624 255 255 255
-2.46502 1.87461 3.87635 255 255 255
-2.26379 1.75206 3.9317 255 255 255
-2.31906 1.79502 3.92306 255 255 255
-2.35461 1.80657 3.76564 255 255 255
-2.3159 1.77497 3.92165 255 255 255
-2.36021 1.79651 3.99008 255 255 255
-2.37801 1.80736 3.99927 255 255 255
-2.33852 1.81936 3.69671 255 255 255
-2.41616 1.84046 3.9378 255 255 255
-2.51027 1.89651 3.93808 255 255 255
-2.39622 1.82777 3.94669 255 255 255
-2.47825 1.87997 3.94261 255 255 255
-2.46253 1.87406 3.8283 255 255 255
-2.26576 1.75982 3.98317 255 255 255
-2.23993 1.73335 3.92784 255 255 255
-2.44907 1.86138 3.94747 255 255 255
-2.55523 1.93856 3.68121 255 255 255
