52
-2.20185 1.70212 3.98902 255 255 255
-2.29769 1.78268 3.6772 255 255 255
-2.47538 1.88584 3.80304 255 255 255
-2.31699 1.79362 3.67417 255 255 255
-2.28503 1.77131 3.98223 255 255 255
-2.22777 1.73761 3.92125 255 255 255
-2.27355 1.76661 3.77718 255 255 255
-2.26384 1.75242 3.9328 255 255 255
-2.25214 1.7448 3.91373 255 255 255
-2.34686 1.80132 3.98125 255 255 255
-2.3162 1.7931 3.6764 255 255 255
-2.22628 1.73803 3.78812 255 255 255
-2.19203 1.71488 3.92006 255 255 255
-2.37185 1.81799 3.79025 255 255 255
-2.19128 1.71996 3.8082 255 255 255
-2.27314 1.76405 3.927 255 255 255
-2.47551 1.882 3.98168 255 255 255
-2.55686 1.93568 3.67476 255 255 255
-2.3167 1.80147 3.78689 255 255 255
-2.37184 1.8163 3.78693 255 255 255
-2.19224 1.71703 3.83249 255 255 255
-2.55447 1.90745 3.9994 255 255 255
-2.4489 1.86102 3.93796 255 255 255
-2.2876 1.76508 3.93398 255 255 255
-2.26379 1.75206 3.9317 255 255 255
-2.18038 1.7408 3.67771 255 255 255
-2.26132 1.75722 3.97829 255 255 255
-2.2731 1.76444 3.92678 255 255 255
-2.39252 1.83333 3.78945 255 255 255
-2.39159 1.82925 3.93915 255 255 255
-2.26067 1.75735 3.97882 255 255 255
-2.44919 1.86172 3.97793 255 255 255
-2.19174 1.71537 3.95976 255 255 255
-2.36021 1.79651 3.99008 255 255 255
-2.41616 1.84046 3.9378 255 255 255
-2.51027 1.89651 3.93808 255 255 255
-2.20066 1.72243 3.94091 255 255 255
-2.45454 1.86171 3.88118 255 255 255
-2.24876 1.74049 3.757 255 255 255
-2.19729 1.71167 3.75524 255 255 255
-2.30148 1.79229 3.78599 255 255 255
-2.37449 1.80878 3.97463 255 255 255
-2.54652 1.92063 3.83479 255 255 255
-2.20256 1.71905 3.93575 255 255 255
-2.54691 1.91779 3.91883 255 255 255
-2.56132 1.92947 3.69518 255 255 255
-2.24197 1.73859 3.93341 255 255 255
-2.37673 1.81712 3.85107 255 255 255
-2.46253 1.87406 3.8283 255 255 255
-2.55523 1.93856 3.68121 255 255 255
-2.54269 1.90805 3.77038 255 255 255
-2.28805 1.76385 3.92949 255 255 255
