29
-2.20185 1.70212 3.98902 255 255 255
-2.25214 1.7448 3.91373 255 255 255
-2.34686 1.80132 3.98125 255 255 255
-2.22628 1.73803 3.78812 255 255 255
-2.55287 1.90393 3.99473 255 255 255
-2.48028 1.8656 3.9646 255 255 255
-2.53826 1.91427 3.78457 255 255 255
-2.47799 1.87857 3.93822 255 255 255
-2.4489 1.86102 3.93796 255 255 255
-2.39469 1.83437 3.93086 255 255 255
-2.20457 1.71707 3.89741 255 255 255
-2.30426 1.77897 3.82053 255 255 255
-2.28741 1.75906 3.9242 255 255 255
-2.44919 1.86172 3.97793 255 255 255
-2.41616 1.84046 3.9378 255 255 255
-2.31347 1.78855 3.79893 255 255 255
-2.39622 1.82777 3.94669 255 255 255
-2.50904 1.90208 3.94408 255 255 255
-2.31347 1.78855 3.79893 255 255 255
-2.37449 1.80878 3.97463 255 255 255
-2.33802 1.79608 3.95715 255 255 255
-2.31446 1.80698 3.78865 255 255 255
-2.46706 1.86193 3.85902 255 255 255
-2.46253 1.87406 3.8283 255 255 255
-2.55523 1.93856 3.68121 255 255 255
-2.31823 1.78438 3.9326 255 255 255
-2.24375 1.74608 3.81011 255 255 255
-2.28805 1.76385 3.92949 255 255 255
-2.20474 1.71898 3.76267 255 255 255
