29
-2.3897 1.83253 3.93906 255 255 255
-2.47538 1.88584 3.80304 255 255 255
-2.17397 1.69434 3.98269 255 255 255
-2.19203 1.71488 3.92006 255 255 255
-2.37185 1.81799 3.79025 255 255 255
-2.19128 1.71996 3.8082 255 255 255
-2.47551 1.882 3.98168 255 255 255
-2.53926 1.94144 3.67819 255 255 255
-2.24567 1.75582 3.92944 255 255 255
-2.19224 1.71703 3.83249 255 255 255
-2.25308 1.75981 3.79727 255 255 255
-2.30426 1.77897 3.82053 255 255 255
-2.29523 1.7627 3.9214 255 255 255
-2.26132 1.75722 3.97829 255 255 255
-2.39252 1.83333 3.78945 255 255 255
-2.26067 1.75735 3.97882 255 255 255
-2.44919 1.86172 3.97793 255 255 255
-2.20066 1.72243 3.94091 255 255 255
-2.50978 1.89388 3.88459 255 255 255
-2.31347 1.78855 3.79893 255 255 255
-2.30421 1.78128 3.77358 255 255 255
-2.31347 1.78855 3.79893 255 255 255
-2.24197 1.73859 3.93341 255 255 255
-2.26043 1.75582 3.9022 255 255 255
-2.46706 1.86193 3.85902 255 255 255
-2.46253 1.87406 3.8283 255 255 255
-2.19864 1.70771 3.99479 255 255 255
-2.24335 1.73805 3.97666 255 255 255
-2.54301 1.93849 3.67268 255 255 255
