39
-2.20185 1.70212 3.98902 255 255 255
-2.3897 1.83253 3.93906 255 255 255
-2.28503 1.77131 3.98223 255 255 255
-2.17397 1.69434 3.98269 255 255 255
-2.26384 1.75242 3.9328 255 255 255
-2.20303 1.73283 3.91069 255 255 255
-2.22628 1.73803 3.78812 255 255 255
-2.19203 1.71488 3.92006 255 255 255
-2.37185 1.81799 3.79025 255 255 255
-2.19128 1.71996 3.8082 255 255 255
-2.3167 1.80147 3.78689 255 255 255
-2.4591 1.88372 3.78518 255 255 255
-2.24567 1.75582 3.92944 255 255 255
-2.50892 1.90537 3.94797 255 255 255
-2.19224 1.71703 3.83249 255 255 255
-2.55447 1.90745 3.9994 255 255 255
-2.4489 1.86102 3.93796 255 255 255
-2.25308 1.75981 3.79727 255 255 255
-2.26379 1.75206 3.9317 255 255 255
-2.27045 1.78172 3.79692 255 255 255
-2.26132 1.75722 3.97829 255 255 255
-2.2731 1.76444 3.92678 255 255 255
-2.39252 1.83333 3.78945 255 255 255
-2.26067 1.75735 3.97882 255 255 255
-2.44919 1.86172 3.97793 255 255 255
-2.20066 1.72243 3.94091 255 255 255
-2.45454 1.86171 3.88118 255 255 255
-2.50978 1.89388 3.88459 255 255 255
-2.31347 1.78855 3.79893 255 255 255
-2.30421 1.78128 3.77358 255 255 255
-2.31347 1.78855 3.79893 255 255 255
-2.54691 1.91779 3.91883 255 255 255
-2.31778 1.79517 3.91201 255 255 255
-2.24197 1.73859 3.93341 255 255 255
-2.2876 1.76802 3.93308 255 255 255
-2.26043 1.75582 3.9022 255 255 255
-2.54543 1.92242 3.96205 255 255 255
-2.46706 1.86193 3.85902 255 255 255
-2.46253 1.87406 3.8283 255 255 255
