36
-2.28503 1.77131 3.98223 255 255 255
-2.22777 1.73761 3.92125 255 255 255
-2.26384 1.75242 3.9328 255 255 255
-2.25214 1.7448 3.91373 255 255 255
-2.24002 1.74645 3.94686 255 255 255
-2.34686 1.80132 3.98125 255 255 255
-2.3162 1.7931 3.6764 255 255 255
-2.22628 1.73803 3.78812 255 255 255
-2.30994 1.77346 3.92296 255 255 255
-2.30433 1.78145 3.77143 255 255 255
-2.27314 1.76405 3.927 255 255 255
-2.3167 1.80147 3.78689 255 255 255
-2.53826 1.91427 3.78457 255 255 255
-2.37143 1.82635 3.94242 255 255 255
-2.37184 1.8163 3.78693 255 255 255
-2.34606 1.80684 3.94733 255 255 255
-2.4489 1.86102 3.93796 255 255 255
-2.46502 1.87461 3.87635 255 255 255
-2.26379 1.75206 3.9317 255 255 255
-2.28741 1.75906 3.9242 255 255 255
-2.26132 1.75722 3.97829 255 255 255
-2.2731 1.76444 3.92678 255 255 255
-2.35461 1.80657 3.76564 255 255 255
-2.36021 1.79651 3.99008 255 255 255
-2.37801 1.80736 3.99927 255 255 255
-2.41616 1.84046 3.9378 255 255 255
-2.51027 1.89651 3.93808 255 255 255
-2.45339 1.86446 3.88867 255 255 255
-2.47825 1.87997 3.94261 255 255 255
-2.30148 1.79229 3.78599 255 255 255
-2.55071 1.94818 3.69134 255 255 255
-2.37143 1.82635 3.94242 255 255 255
-2.20256 1.71905 3.93575 255 255 255
-2.46253 1.87406 3.8283 255 255 255
-2.19864 1.70771 3.99479 255 255 255
-2.28805 1.76385 3.92949 255 255 255
