48
-2.20185 1.70212 3.98902 255 255 255
-2.28503 1.77131 3.98223 255 255 255
-2.26384 1.75242 3.9328 255 255 255
-2.34686 1.80132 3.98125 255 255 255
-2.20303 1.73283 3.91069 255 255 255
-2.22628 1.73803 3.78812 255 255 255
-2.55287 1.90393 3.99473 255 255 255
-2.19203 1.71488 3.92006 255 255 255
-2.19128 1.71996 3.8082 255 255 255
-2.47799 1.87857 3.93822 255 255 255
-2.19224 1.71703 3.83249 255 255 255
-2.55447 1.90745 3.9994 255 255 255
-2.4489 1.86102 3.93796 255 255 255
-2.26379 1.75206 3.9317 255 255 255
-2.30426 1.77897 3.82053 255 255 255
-2.18038 1.7408 3.67771 255 255 255
-2.26132 1.75722 3.97829 255 255 255
-2.20505 1.71953 3.80686 255 255 255
-2.39159 1.82925 3.93915 255 255 255
-2.26067 1.75735 3.97882 255 255 255
-2.44919 1.86172 3.97793 255 255 255
-2.19174 1.71537 3.95976 255 255 255
-2.41616 1.84046 3.9378 255 255 255
-2.20066 1.72243 3.94091 255 255 255
-2.45454 1.86171 3.88118 255 255 255
-2.50978 1.89388 3.88459 255 255 255
-2.31347 1.78855 3.79893 255 255 255
-2.19729 1.71167 3.75524 255 255 255
-2.50904 1.90208 3.94408 255 255 255
-2.31347 1.78855 3.79893 255 255 255
-2.37449 1.80878 3.97463 255 255 255
-2.54652 1.92063 3.83479 255 255 255
-2.33802 1.79608 3.95715 255 255 255
-2.20256 1.71905 3.93575 255 255 255
-2.54691 1.91779 3.91883 255 255 255
-2.31778 1.79517 3.91201 255 255 255
-2.37673 1.81712 3.85107 255 255 255
-2.2876 1.76802 3.93308 255 255 255
-2.26043 1.75582 3.9022 255 255 255
-2.54543 1.92242 3.96205 255 255 255
-2.31446 1.80698 3.78865 255 255 255
-2.46706 1.86193 3.85902 255 255 255
-2.46253 1.87406 3.8283 255 255 255
-2.55523 1.93856 3.68121 255 255 255
-2.54269 1.90805 3.77038 255 255 255
-2.24375 1.74608 3.81011 255 255 255
-2.50782 1.89655 3.88705 255 255 255
-2.28805 1.76385 3.92949 255 255 255
