38
-2.19534 1.72165 3.67301 255 255 255
-2.26384 1.75242 3.9328 255 255 255
-2.25214 1.7448 3.91373 255 255 255
-2.24002 1.74645 3.94686 255 255 255
-2.3162 1.7931 3.6764 255 255 255
-2.19203 1.71488 3.92006 255 255 255
-2.30994 1.77346 3.92296 255 255 255
-2.37184 1.8163 3.78693 255 255 255
-2.19224 1.71703 3.83249 255 255 255
-2.34606 1.80684 3.94733 255 255 255
-2.55447 1.90745 3.9994 255 255 255
-2.4489 1.86102 3.93796 255 255 255
-2.2876 1.76508 3.93398 255 255 255
-2.26379 1.75206 3.9317 255 255 255
-2.31906 1.79502 3.92306 255 255 255
-2.18038 1.7408 3.67771 255 255 255
-2.26132 1.75722 3.97829 255 255 255
-2.39252 1.83333 3.78945 255 255 255
-2.39159 1.82925 3.93915 255 255 255
-2.43937 1.84314 3.97701 255 255 255
-2.19174 1.71537 3.95976 255 255 255
-2.49736 1.88187 3.98655 255 255 255
-2.36021 1.79651 3.99008 255 255 255
-2.37801 1.80736 3.99927 255 255 255
-2.41616 1.84046 3.9378 255 255 255
-2.51027 1.89651 3.93808 255 255 255
-2.45339 1.86446 3.88867 255 255 255
-2.47825 1.87997 3.94261 255 255 255
-2.19543 1.72265 3.67589 255 255 255
-2.33707 1.80064 3.82725 255 255 255
-2.44894 1.86237 3.94235 255 255 255
-2.20256 1.71905 3.93575 255 255 255
-2.29715 1.78416 3.6801 255 255 255
-2.56132 1.92947 3.69518 255 255 255
-2.29794 1.78257 3.6763 255 255 255
-2.55523 1.93856 3.68121 255 255 255
-2.19864 1.70771 3.99479 255 255 255
-2.28805 1.76385 3.92949 255 255 255
