46
-2.20185 1.70212 3.98902 255 255 255
-2.3549 1.8088 3.76796 255 255 255
-2.28503 1.77131 3.98223 255 255 255
-2.27355 1.76661 3.77718 255 255 255
-2.31374 1.78603 3.98732 255 255 255
-2.26384 1.75242 3.9328 255 255 255
-2.34686 1.80132 3.98125 255 255 255
-2.20303 1.73283 3.91069 255 255 255
-2.22628 1.73803 3.78812 255 255 255
-2.55287 1.90393 3.99473 255 255 255
-2.37185 1.81799 3.79025 255 255 255
-2.24292 1.75688 3.77971 255 255 255
-2.3167 1.80147 3.78689 255 255 255
-2.48028 1.8656 3.9646 255 255 255
-2.4591 1.88372 3.78518 255 255 255
-2.53826 1.91427 3.78457 255 255 255
-2.31355 1.78459 3.98624 255 255 255
-2.50892 1.90537 3.94797 255 255 255
-2.37143 1.82635 3.94242 255 255 255
-2.37184 1.8163 3.78693 255 255 255
-2.47799 1.87857 3.93822 255 255 255
-2.55447 1.90745 3.9994 255 255 255
-2.4489 1.86102 3.93796 255 255 255
-2.46502 1.87461 3.87635 255 255 255
-2.26379 1.75206 3.9317 255 255 255
-2.20457 1.71707 3.89741 255 255 255
-2.30426 1.77897 3.82053 255 255 255
-2.20505 1.71953 3.80686 255 255 255
-2.44919 1.86172 3.97793 255 255 255
-2.35461 1.80657 3.76564 255 255 255
-2.41616 1.84046 3.9378 255 255 255
-2.45339 1.86446 3.88867 255 255 255
-2.50904 1.90208 3.94408 255 255 255
-2.47825 1.87997 3.94261 255 255 255
-2.55071 1.94818 3.69134 255 255 255
-2.37143 1.82635 3.94242 255 255 255
-2.37449 1.80878 3.97463 255 255 255
-2.54652 1.92063 3.83479 255 255 255
-2.54691 1.91779 3.91883 255 255 255
-2.31778 1.79517 3.91201 255 255 255
-2.2876 1.76802 3.93308 255 255 255
-2.46253 1.87406 3.8283 255 255 255
-2.31823 1.78438 3.9326 255 255 255
-2.5456 1.90214 3.90725 255 255 255
-2.28805 1.76385 3.92949 255 255 255
-2.20474 1.71898 3.76267 255 255 255
