518.9203799519055 373.58637265488164 0 255 255 255
647.3183291706555 246.24457577988164 0 255 255 255
121.16140778393674 412.09223202988164 0 255 255 255
145.8830264362805 344.09564999863164 0 255 255 255
442.0771182331555 234.60114316269414 0 255 255 255
112.93283112378049 229.42951230331914 0 255 255 255
685.4181826862805 419.18891171738164 0 255 255 255
757.9342959675305 106.96503476425664 0 255 255 255
257.375580147218 345.51606015488164 0 255 255 255
118.19973786206174 255.36444882675664 0 255 255 255
230.28921540112424 218.69037656113164 0 255 255 255
324.0353701862805 255.48163632675664 0 255 255 255
325.930755928468 365.48224667831914 0 255 255 255
291.79959137768674 398.78717831894414 0 255 255 255
483.7343447956555 229.89484433456914 0 255 255 255
291.79959137768674 398.78717831894414 0 255 255 255
632.2433779987805 418.62348202988164 0 255 255 255
170.2260440144055 359.58808163925664 0 255 255 255
718.3896182331555 338.01471738144414 0 255 255 255
338.6808779987805 230.91999081894414 0 255 255 255
312.66995270581174 207.20710019394414 0 255 255 255
338.6808779987805 230.91999081894414 0 255 255 255
238.133636787843 363.67475156113164 0 255 255 255
268.03347809643674 329.70514706894414 0 255 255 255
625.3041690144055 315.78058652206914 0 255 255 255
623.8815615925305 271.93415097519414 0 255 255 255
168.08914215893674 424.49481992050664 0 255 255 255
250.628265694093 406.22882870956914 0 255 255 255
757.9342959675305 106.96503476425664 0 255 255 255
