130.2697141579738 523.3493962543628 0 255 255 255
371.1100461892238 242.18447926217527 0 255 255 255
263.6996457985988 469.2279362934253 0 255 255 255
243.9711301735988 276.4681706684253 0 255 255 255
304.7640989235988 463.4421696918628 0 255 255 255
228.9642942360988 434.7543034809253 0 255 255 255
352.8163450173488 451.6600651996753 0 255 255 255
138.9100950173488 420.9548650043628 0 255 255 255
174.4269407204738 306.4856267231128 0 255 255 255
651.6530149392238 412.7796941059253 0 255 255 255
395.5016477517238 258.9304509418628 0 255 255 255
201.1513059548488 280.6369939106128 0 255 255 255
315.5707395485988 260.2663884418628 0 255 255 255
547.5250852517238 403.6329655903003 0 255 255 255
532.1574094704738 212.39773609811277 0 255 255 255
647.8727415017238 201.82327320748777 0 255 255 255
304.7640989235988 463.4421696918628 0 255 255 255
596.9989622048488 356.2771306293628 0 255 255 255
393.1417844704738 395.9870915668628 0 255 255 255
395.5016477517238 258.9304509418628 0 255 255 255
548.8285520485988 368.0876775043628 0 255 255 255
652.6080930642238 413.2948308246753 0 255 255 255
506.6080930642238 376.8994450824878 0 255 255 255
532.6832883767238 308.8380437153003 0 255 255 255
228.9642942360988 434.7543034809253 0 255 255 255
138.2369993142238 423.6161198871753 0 255 255 255
291.6576536110988 313.6422429340503 0 255 255 255
139.3065793923488 334.0895085590503 0 255 255 255
504.8029172829738 413.4779362934253 0 255 255 255
371.1100461892238 242.18447926217527 0 255 255 255
456.5736692360988 390.8640446918628 0 255 255 255
514.7489622048488 327.0428776996753 0 255 255 255
596.9989622048488 356.2771306293628 0 255 255 255
548.8285520485988 368.0876775043628 0 255 255 255
678.7931516579738 79.58950855905027 0 255 255 255
393.1417844704738 395.9870915668628 0 255 255 255
391.4557493142238 444.5741276996753 0 255 255 255
657.3693235329738 244.99661305123777 0 255 255 255
652.5341184548488 327.1046452778003 0 255 255 255
313.4660032204738 387.0267644184253 0 255 255 255
264.6576536110988 426.2900700824878 0 255 255 255
532.3766477517238 266.1636052387378 0 255 255 255
310.2745969704738 415.7617497699878 0 255 255 255
647.0704954079738 330.6008610981128 0 255 255 255
264.6576536110988 426.2900700824878 0 255 255 255
138.6569211892238 293.4000554340503 0 255 255 255
