617.2389908973992 142.9538751818029 0 255 255 255
711.8241959755242 173.0573908068029 0 255 255 255
654.4721451942742 170.4389826036779 0 255 255 255
673.2499772255242 181.6150079943029 0 255 255 255
693.1581803505242 160.2395197130529 0 255 255 255
510.80246745989916 158.6084161974279 0 255 255 255
521.6962662880242 433.2824884630529 0 255 255 255
701.6049576942742 295.8305841661779 0 255 255 255
569.0654069130242 185.5363947130529 0 255 255 255
558.6030045692742 334.6308771349279 0 255 255 255
632.4426041786492 185.4868341661779 0 255 255 255
532.8219987098992 339.0935236193029 0 255 255 255
137.82505046771166 396.5761896349279 0 255 255 255
459.62766277239916 211.5598322130529 0 255 255 255
441.01169597552416 337.7380548693029 0 255 255 255
506.35178386614916 192.9013849474279 0 255 255 255
328.52329265521166 226.4909845568029 0 255 255 255
285.10251628802416 293.8313165880529 0 255 255 255
654.4721451942742 170.4389826036779 0 255 255 255
612.1823502723992 176.4878107286779 0 255 255 255
657.9860612098992 139.3972345568029 0 255 255 255
632.4426041786492 185.4868341661779 0 255 255 255
465.92942058489916 354.5761896349279 0 255 255 255
495.55149089739916 137.5561701036779 0 255 255 255
465.31955730364916 137.4654718614904 0 255 255 255
385.63413249896166 214.3469415880529 0 255 255 255
219.01950847552416 247.1955744005529 0 255 255 255
311.20993816302416 273.1389337755529 0 255 255 255
276.52353679583666 237.5468927599279 0 255 255 255
558.6030045692742 334.6308771349279 0 255 255 255
87.62656413958666 522.8828302599279 0 255 255 255
459.62766277239916 211.5598322130529 0 255 255 255
759.9902116005242 150.9301935411779 0 255 255 255
282.82285320208666 338.6259943224279 0 255 255 255
776.8827897255242 85.42970525992791 0 255 255 255
612.1823502723992 176.4878107286779 0 255 255 255
