154.13644060032266 529.9300537325823 0 255 255 255
292.56832536594766 474.89172365445734 0 255 255 255
248.15169938938516 439.34472658414484 0 255 255 255
387.14034685032266 456.84692384976984 0 255 255 255
153.79464372532266 425.84375002164484 0 255 255 255
165.69112810032266 310.37609865445734 0 255 255 255
697.8844874753227 414.41040041226984 0 255 255 255
133.70724138157266 448.97998049039484 0 255 255 255
113.16500505344766 339.93078615445734 0 255 255 255
582.0873683346977 369.49011232633234 0 255 255 255
117.70003923313516 367.55590822476984 0 255 255 255
700.1125148190727 415.59509279508234 0 255 255 255
538.3200343503227 378.61755373258234 0 255 255 255
248.15169938938516 439.34472658414484 0 255 255 255
292.88583024876016 318.56909181851984 0 255 255 255
80.28854020969766 187.92297365445734 0 255 255 255
255.59200700657266 481.39001467008234 0 255 255 255
130.48092302219766 341.84619142789484 0 255 255 255
450.04842790501016 402.16052248258234 0 255 255 255
255.59200700657266 481.39001467008234 0 255 255 255
543.4101222409477 417.30261232633234 0 255 255 255
142.32186540501016 488.60778810758234 0 255 255 255
486.80855974094766 393.73803713101984 0 255 255 255
153.08785661594766 465.08410646695734 0 255 255 255
537.8405421628227 327.47155763883234 0 255 255 255
622.9953273190727 312.80273439664484 0 255 255 255
305.74105485813516 290.53796388883234 0 255 255 255
106.59310563938516 297.14257814664484 0 255 255 255
632.9174464596977 360.63879396695734 0 255 255 255
305.74105485813516 290.53796388883234 0 255 255 255
425.44747575657266 449.96472170133234 0 255 255 255
677.1567042721977 247.37316896695734 0 255 255 255
368.54171403782266 437.09375002164484 0 255 255 255
153.08785661594766 465.08410646695734 0 255 255 255
684.6564601315727 329.34521486539484 0 255 255 255
333.73348649876016 391.77233888883234 0 255 255 255
413.58041032688516 326.89025881070734 0 255 255 255
285.95113786594766 431.47216799039484 0 255 255 255
239.34627946751016 409.05944826383234 0 255 255 255
690.6733058346977 364.52709963101984 0 255 255 255
316.06930192844766 263.14306642789484 0 255 255 255
551.4748195065727 310.20800783414484 0 255 255 255
546.9179347409477 270.22375490445734 0 255 255 255
676.4464991940727 78.42272951383234 0 255 255 255
658.7897609128227 197.68933107633234 0 255 255 255
196.26534685032266 327.03625490445734 0 255 255 255
622.9953273190727 312.80273439664484 0 255 255 255
285.95113786594766 431.47216799039484 0 255 255 255
