294.58144513622346 536.7954481882434 0 255 255 255
514.9828123237235 527.0244520944934 0 255 255 255
359.28078595653596 284.6035536569934 0 255 255 255
199.77639142528596 437.8105849069934 0 255 255 255
879.863793769036 132.75882709449343 0 255 255 255
929.064233222161 441.5815810007434 0 255 255 255
375.20144025341096 531.8745497507434 0 255 255 255
378.20339337841096 422.7422255319934 0 255 255 255
231.58193341747346 414.9975966257434 0 255 255 255
886.440942206536 287.2720106882434 0 255 255 255
904.2679685737235 360.3264540476184 0 255 255 255
320.09548322216096 295.9924696726184 0 255 255 255
887.825951972161 161.97830951636843 0 255 255 255
320.09548322216096 295.9924696726184 0 255 255 255
280.03615705028596 557.6865614694934 0 255 255 255
535.0162595893485 409.0381239694934 0 255 255 255
879.863793769036 132.75882709449343 0 255 255 255
196.91713849559846 581.2099989694934 0 255 255 255
549.9588865424735 340.4690321726184 0 255 255 255
744.2296384955985 362.2048720163684 0 255 255 255
294.58791486278596 591.1479872507434 0 255 255 255
