127.73337579836698 349.5274530463912 0 255 255 255
276.558571110867 524.6075311713912 0 255 255 255
252.06711603274198 517.1050897651412 0 255 255 255
235.01853204836698 536.0787225776412 0 255 255 255
382.139869938992 275.6526971870162 0 255 255 255
135.12961603274198 550.5093866401412 0 255 255 255
362.473854313992 497.0045038276412 0 255 255 255
491.103981267117 347.8060174995162 0 255 255 255
133.11911798586698 479.5171991401412 0 255 255 255
440.359108220242 476.0626092963912 0 255 255 255
832.060524235867 426.8238397651412 0 255 255 255
637.399635563992 419.9490839057662 0 255 255 255
322.934059392117 512.7427850776412 0 255 255 255
276.558571110867 524.6075311713912 0 255 255 255
389.412819157742 467.6895624213912 0 255 255 255
110.53830743899198 316.0723749213912 0 255 255 255
276.325172673367 546.7628046088912 0 255 255 255
532.219459782742 331.1172967963912 0 255 255 255
528.336891423367 450.4927850776412 0 255 255 255
612.991188298367 472.6246210151412 0 255 255 255
137.73288751711698 578.1680780463912 0 255 255 255
725.930397282742 439.3184686713912 0 255 255 255
459.724098454617 526.8936639838912 0 255 255 255
495.175758610867 523.8804803901412 0 255 255 255
575.340065251492 438.1426874213912 0 255 255 255
754.935768376492 384.0496698432662 0 255 255 255
648.936989079617 377.8585077338912 0 255 255 255
695.076637517117 401.9446893745162 0 255 255 255
127.73337579836698 349.5274530463912 0 255 255 255
422.072731267117 390.6834589057662 0 255 255 255
637.399635563992 419.9490839057662 0 255 255 255
157.20017267336698 558.9947382026412 0 255 255 255
343.504860173367 286.4952264838912 0 255 255 255
872.074684392117 159.0574823432662 0 255 255 255
343.504860173367 286.4952264838912 0 255 255 255
863.656959782742 128.0462518745162 0 255 255 255
150.48728204836698 617.8824335151412 0 255 255 255
322.934059392117 512.7427850776412 0 255 255 255
