394.4212437897231 169.57061391806565 0 255 255 255
557.1595250397231 330.63604360556565 0 255 255 255
119.43857777409812 192.85430532431565 0 255 255 255
121.05112660222312 405.55205923056565 0 255 255 255
213.21348011784812 241.55230337119065 0 255 255 255
252.28672230534812 235.97661977744065 0 255 255 255
508.1705113678481 197.53692251181565 0 255 255 255
590.1849156647231 214.30938344931565 0 255 255 255
451.2510777740981 313.63775258994065 0 255 255 255
475.5662633209731 203.67608266806565 0 255 255 255
590.1060582428481 302.89141469931565 0 255 255 255
253.79136097722312 198.13653188681565 0 255 255 255
298.1961461334731 227.85723501181565 0 255 255 255
244.37021839909812 289.48614126181565 0 255 255 255
112.23203480534812 358.84771352744065 0 255 255 255
406.3326207428481 190.17925649619065 0 255 255 255
116.56308949284812 275.43462758994065 0 255 255 255
539.5604039459731 191.90801626181565 0 255 255 255
427.7376500397231 363.52593618369065 0 255 255 255
227.77598011784812 304.73858266806565 0 255 255 255
228.23154652409812 344.66436391806565 0 255 255 255
433.1678258209731 208.49981313681565 0 255 255 255
124.88218128972312 273.02618032431565 0 255 255 255
170.13437855534812 298.37432485556565 0 255 255 255
475.5662633209731 203.67608266806565 0 255 255 255
591.6470738678481 344.79619985556565 0 255 255 255
