642.1026569514302 118.76930919008282 0 255 255 255
556.9996296076802 215.68630137758282 0 255 255 255
434.90563546705516 174.09694590883282 0 255 255 255
569.2867389826802 337.9131080182078 0 255 255 255
151.73876534986766 197.18361583070782 0 255 255 255
246.63830148268016 210.45265879945782 0 255 255 255
120.66454659986766 412.6745826275828 0 255 255 255
238.87829171705516 247.74196544008282 0 255 255 255
281.46032296705516 239.83010020570782 0 255 255 255
355.50365792799266 237.32131114320782 0 255 255 255
623.3516803889302 218.28908458070782 0 255 255 255
463.51574288893016 321.3061744244578 0 255 255 255
509.24682199049266 207.92140879945782 0 255 255 255
287.82677804518016 202.99855723695782 0 255 255 255
328.25622140455516 232.53517833070782 0 255 255 255
446.47338449049266 347.2219459088328 0 255 255 255
358.87084542799266 216.10842051820782 0 255 255 255
195.95922433424266 254.04274669008282 0 255 255 255
446.47338449049266 347.2219459088328 0 255 255 255
396.76086007643016 180.05177989320782 0 255 255 255
441.77941476393016 195.39772715883282 0 255 255 255
439.24535714674266 374.2929908307078 0 255 255 255
240.72741281080516 311.5573951275828 0 255 255 255
237.51049386549266 352.7024146588328 0 255 255 255
65.63744699049266 533.8215552838328 0 255 255 255
465.81725656080516 214.49440684633282 0 255 255 255
550.2313190608052 316.4653541119578 0 255 255 255
509.24682199049266 207.92140879945782 0 255 255 255
600.0303913264302 352.1982642682078 0 255 255 255
