475.6504256560279 342.92510136284045 0 255 255 255
837.5069320036841 82.25469120659045 0 255 255 255
627.9883773161841 315.29021366752795 0 255 255 255
351.5049178435279 359.32903202690295 0 255 255 255
710.5892684294654 163.41911991752795 0 255 255 255
556.7849471404029 250.52641972221545 0 255 255 255
224.3507430388404 188.79228886284045 0 255 255 255
642.5549666716529 139.97453983940295 0 255 255 255
322.38339684743414 288.09001835502795 0 255 255 255
710.5892684294654 163.41911991752795 0 255 255 255
605.1792952849341 206.03337773002795 0 255 255 255
475.6504256560279 342.92510136284045 0 255 255 255
613.7935530974341 181.92766483940295 0 255 255 255
562.1890609099341 134.05974491752795 0 255 255 255
533.0499617888404 131.64421757377795 0 255 255 255
470.5198104216529 431.73406132377795 0 255 255 255
440.9790389372779 208.41533573784045 0 255 255 255
271.3810469939185 243.22161015190295 0 255 255 255
478.94675133962164 195.53118046440295 0 255 255 255
330.63657067555914 229.94975956596545 0 255 255 255
305.92050622243414 330.98650273002795 0 255 255 255
724.5348250700904 131.31523808159045 0 255 255 255
752.5104720427466 153.89397343315295 0 255 255 255
384.4635360075904 216.60820683159045 0 255 255 255
61.16836999196539 512.058524214403 0 255 255 255
