131.35286392481703 523.0067702376746 0 255 255 255
395.89436783106703 246.93828879236207 0 255 255 255
293.70100845606703 463.7136794173621 0 255 255 255
497.78401626856703 236.62920676111207 0 255 255 255
230.62288345606703 435.2312575423621 0 255 255 255
342.11751236231703 344.8757887923621 0 255 255 255
196.14534439356703 448.7744704329871 0 255 255 255
340.94124283106703 450.8469801986121 0 255 255 255
152.31477798731703 421.4149733626746 0 255 255 255
203.07698501856703 308.3273268782996 0 255 255 255
624.250324862317 410.0763503157996 0 255 255 255
323.08870376856703 267.3973952376746 0 255 255 255
416.44759048731703 264.0490065657996 0 255 255 255
231.88020767481703 284.9241286361121 0 255 255 255
655.073567049817 203.20928488611207 0 255 255 255
293.70100845606703 463.7136794173621 0 255 255 255
578.781574862317 355.5772048079871 0 255 255 255
536.542805331067 364.3132887923621 0 255 255 255
494.77034439356703 374.6014968001746 0 255 255 255
531.599934237317 311.6553298079871 0 255 255 255
420.51839126856703 384.1564284407996 0 255 255 255
230.62288345606703 435.2312575423621 0 255 255 255
311.96565689356703 315.1091872298621 0 255 255 255
269.87288345606703 282.5956374251746 0 255 255 255
264.79280533106703 426.8829909407996 0 255 255 255
222.87727798731703 475.0620680892371 0 255 255 255
395.89436783106703 246.93828879236207 0 255 255 255
308.38264908106703 416.3804274642371 0 255 255 255
357.63753189356703 468.8991042220496 0 255 255 255
249.98958267481703 448.5664626204871 0 255 255 255
378.82698501856703 468.9436598861121 0 255 255 255
156.48616470606703 495.5563307845496 0 255 255 255
578.781574862317 355.5772048079871 0 255 255 255
538.649250643567 266.6088210189246 0 255 255 255
710.070149081067 85.71575461267457 0 255 255 255
264.79280533106703 426.8829909407996 0 255 255 255
174.59261001856703 298.0370436751746 0 255 255 255
