562.7564064153526 335.8447507956298 0 255 255 255
114.09576188410256 183.0268797018798 0 255 255 255
207.16509782160256 198.0635007956298 0 255 255 255
113.15411149347756 515.7944578268798 0 255 255 255
208.69781266535256 233.5727781393798 0 255 255 255
112.14751969660256 181.8642820456298 0 255 255 255
248.04205094660256 229.4990476706298 0 255 255 255
499.05035172785256 204.4018797018798 0 255 255 255
583.3794532903526 222.4121336081298 0 255 255 255
457.63116227472756 315.6157468893798 0 255 255 255
592.6162696966026 308.5591062643798 0 255 255 255
246.36993180597756 192.4326414206298 0 255 255 255
293.44708024347756 223.9883054831298 0 255 255 255
171.25298844660256 290.7275632956298 0 255 255 255
610.8062111028526 356.2685789206298 0 255 255 255
164.89336930597756 238.8525632956298 0 255 255 255
121.10284196222756 347.6758054831298 0 255 255 255
395.98956071222756 189.9043211081298 0 255 255 255
118.65679704035256 266.1328367331298 0 255 255 255
466.57330094660256 206.6455320456298 0 255 255 255
504.03741227472756 232.7568601706298 0 255 255 255
115.16460954035256 228.2251218893798 0 255 255 255
434.67974625910256 365.5366453268798 0 255 255 255
234.09502946222756 300.7319578268798 0 255 255 255
424.84112321222756 209.3569578268798 0 255 255 255
125.02667008722756 268.3652586081298 0 255 255 255
135.94146500910256 403.4399656393798 0 255 255 255
537.3738380559776 317.6762937643798 0 255 255 255
171.25298844660256 290.7275632956298 0 255 255 255
466.57330094660256 206.6455320456298 0 255 255 255
