707.7369046429462 92.32630677422185 0 255 255 255
563.3985257366962 428.75794739922185 0 255 255 255
241.79159214294623 367.83875794609685 0 255 255 255
532.6018948773212 434.67811341484685 0 255 255 255
556.5660062054462 148.10511536797185 0 255 255 255
660.3484769085712 181.85853333672185 0 255 255 255
595.3206448773212 326.01624818047185 0 255 255 255
600.2525296429462 174.27503724297185 0 255 255 255
622.4654202679462 186.51746888359685 0 255 255 255
453.05648472107123 159.46400208672185 0 255 255 255
532.6018948773212 434.67811341484685 0 255 255 255
678.3042874554462 300.19373841484685 0 255 255 255
723.0684476116962 169.09901185234685 0 255 255 255
428.84847690857123 337.79456849297185 0 255 255 255
735.5667386273212 273.31629700859685 0 255 255 255
581.9270901898212 189.33021302422185 0 255 255 255
233.16024448669623 203.27747864922185 0 255 255 255
104.72738315857123 515.4464239617218 0 255 255 255
515.6866116741962 341.42567200859685 0 255 255 255
428.84847690857123 337.79456849297185 0 255 255 255
732.9583401898212 246.74671693047185 0 255 255 255
110.67220737732123 188.88929505547185 0 255 255 255
285.73910190857123 226.54945130547185 0 255 255 255
559.9300198773212 180.41102357109685 0 255 255 255
600.2525296429462 174.27503724297185 0 255 255 255
755.8623929241962 423.52674622734685 0 255 255 255
596.9898343304462 141.59876771172185 0 255 255 255
581.9270901898212 189.33021302422185 0 255 255 255
389.66415073669623 348.11585755547185 0 255 255 255
382.21444370544623 211.84217591484685 0 255 255 255
596.9898343304462 141.59876771172185 0 255 255 255
281.64535190857123 193.52210755547185 0 255 255 255
718.2044339398212 135.03114075859685 0 255 255 255
436.91097690857123 138.64930482109685 0 255 255 255
340.11971714294623 214.66834778984685 0 255 255 255
180.25277378357123 246.91859193047185 0 255 255 255
703.7046780804462 155.40955872734685 0 255 255 255
280.94027378357123 274.64295716484685 0 255 255 255
650.0008206585712 323.17689271172185 0 255 255 255
739.8611722210712 309.20887513359685 0 255 255 255
542.1636624554462 337.41126771172185 0 255 255 255
413.19564487732123 162.53504700859685 0 255 255 255
120.79745151794623 353.00648255547185 0 255 255 255
703.7046780804462 155.40955872734685 0 255 255 255
119.13656284607123 273.90614075859685 0 255 255 255
100.21371128357123 488.16663880547185 0 255 255 255
639.9966702679462 165.06776185234685 0 255 255 255
414.87606479919623 280.08533997734685 0 255 255 255
265.41463901794623 336.15589661797185 0 255 255 255
104.72738315857123 515.4464239617218 0 255 255 255
134.23348667419623 399.14808411797185 0 255 255 255
559.9300198773212 180.41102357109685 0 255 255 255
