714.9399444596329 94.95998660226633 0 255 255 255
404.0351593033829 215.57717410226633 0 255 255 255
566.0771514908829 146.36403933664133 0 255 255 255
758.0048858658829 101.44875613351633 0 255 255 255
617.2373077408829 177.06496707101633 0 255 255 255
716.8759796158829 195.60451785226633 0 255 255 255
722.5263702408829 303.8984631647663 0 255 255 255
741.3315460221329 169.06521121164133 0 255 255 255
477.5815460221329 338.7446545710163 0 255 255 255
777.1665069596329 277.8520764460163 0 255 255 255
562.4956085221329 344.4265393366413 0 255 255 255
321.6147491471329 386.2927502741413 0 255 255 255
641.8608428971329 188.90334597726633 0 255 255 255
201.7548858658829 244.90627566476633 0 255 255 255
769.4130889908829 250.99880496164133 0 255 255 255
127.3574249283829 187.02224246164133 0 255 255 255
307.1245147721329 226.16237918039133 0 255 255 255
671.4345733658829 309.6665295710163 0 255 255 255
617.2373077408829 177.06496707101633 0 255 255 255
633.8789093033829 326.8042248835163 0 255 255 255
606.7060577408829 142.18435183664133 0 255 255 255
601.6030303971329 193.16848269601633 0 255 255 255
439.3427764908829 351.8061780085163 0 255 255 255
606.7060577408829 142.18435183664133 0 255 255 255
297.2822296158829 192.06838503976633 0 255 255 255
718.3769561783829 156.38698855539133 0 255 255 255
314.3374053971329 275.3957776178913 0 255 255 255
221.8134796158829 287.2485608210163 0 255 255 255
571.8593780533829 318.0454358210163 0 255 255 255
596.3867218033829 337.4035901178913 0 255 255 255
571.8593780533829 318.0454358210163 0 255 255 255
148.9238311783829 273.2314709772663 0 255 255 255
528.3862335221329 223.24685183664133 0 255 255 255
656.5698272721329 167.19509402414133 0 255 255 255
577.7163116471329 184.67141238351633 0 255 255 255
631.2954132096329 207.26442996164133 0 255 255 255
140.6528350846329 239.01540652414133 0 255 255 255
305.0312530533829 291.6172131647663 0 255 255 255
310.5317413346329 333.7966565241413 0 255 255 255
