407.7377459521881 415.7290998739479 0 255 255 255
423.3028094287506 376.7433821005104 0 255 255 255
450.8810564990631 367.83475172941667 0 255 255 255
406.5260760303131 444.0375715536354 0 255 255 255
346.90223569828186 561.1161848348854 0 255 255 255
626.4062029834381 663.3687483114479 0 255 255 255
351.18104429203186 347.10086501066667 0 255 255 255
407.7377459521881 415.7290998739479 0 255 255 255
423.3028094287506 376.7433821005104 0 255 255 255
370.20643491703186 448.1275373739479 0 255 255 255
386.91517515140686 286.5009504598854 0 255 255 255
534.2837664600006 1020.7913557333229 0 255 255 255
417.2313982959381 298.00064528410417 0 255 255 255
53.11036558109436 403.5964094442604 0 255 255 255
286.5526873584381 253.70834792082292 0 255 255 255
483.7810809131256 415.6253401083229 0 255 255 255
406.5260760303131 444.0375715536354 0 255 255 255
373.5943133350006 508.2464338583229 0 255 255 255
346.90223569828186 561.1161848348854 0 255 255 255
638.7476336475006 648.8818098348854 0 255 255 255
387.7947527881256 341.30655348722917 0 255 255 255
422.8872820850006 327.1570783895729 0 255 255 255
586.5652606006256 589.3472639364479 0 255 255 255
422.8872820850006 327.1570783895729 0 255 255 255
