235.04963848737862 796.8769792186208 0 255 255 255
263.0188767686286 752.5652116404958 0 255 255 255
271.7600877061286 883.3003190623708 0 255 255 255
206.02034161237862 128.79592453112082 0 255 255 255
246.49299786237862 866.9157975779958 0 255 255 255
264.8304002061286 731.3752702342458 0 255 255 255
264.8304002061286 731.3752702342458 0 255 255 255
476.9749314561286 762.1716569529958 0 255 255 255
275.7278611436286 827.5703385936208 0 255 255 255
159.55549786237862 434.0405534373708 0 255 255 255
