298.8704917105465 367.07466129270233 0 255 255 255
223.5140463980465 533.8236847302023 0 255 255 255
254.710945812109 494.77851871457733 0 255 255 255
299.321785655859 392.34126285520233 0 255 255 255
464.1554038199215 488.81929019895233 0 255 255 255
260.1104819449215 324.60249332395233 0 255 255 255
286.0011069449215 252.34736637082733 0 255 255 255
299.321785655859 392.34126285520233 0 255 255 255
288.8963706167965 303.84858707395233 0 255 255 255
254.710945812109 494.77851871457733 0 255 255 255
315.263924327734 281.20600894895233 0 255 255 255
231.9002768667965 517.7626495739523 0 255 255 255
130.421639171484 228.57002262082733 0 255 255 255
372.2266928824215 725.7582550427023 0 255 255 255
315.263924327734 281.20600894895233 0 255 255 255
311.6129233511715 343.90034488645233 0 255 255 255
195.047615733984 496.72920230832733 0 255 255 255
330.802254405859 300.15327457395233 0 255 255 255
453.8199546011715 566.7343292614523 0 255 255 255
158.993904796484 454.90693668332733 0 255 255 255
