222.94558487832182 747.4765501743409 0 255 255 255
254.57790909707182 694.9958372837159 0 255 255 255
150.88015519082182 500.8788939243409 0 255 255 255
252.98757706582182 818.6010618930909 0 255 255 255
233.50466690957182 104.6719847446534 0 255 255 255
257.2204872220718 670.6933470493409 0 255 255 255
257.2204872220718 670.6933470493409 0 255 255 255
259.8669715970718 764.3644896274659 0 255 255 255
169.66091690957182 432.8187132602784 0 255 255 255
362.2033973783218 900.9074583774659 0 255 255 255
234.19753800332182 781.8212767368409 0 255 255 255
