337.04748354638014 376.6508895222182 0 255 255 255
250.62927065575514 527.4951278034682 0 255 255 255
289.76074038231764 499.6604110065932 0 255 255 255
375.25964174950514 319.9878035847182 0 255 255 255
337.35265932763014 404.2661238972182 0 255 255 255
289.11608706200514 534.0820418659682 0 255 255 255
526.3795147963801 549.5590926472182 0 255 255 255
290.56262026513014 325.3757430378432 0 255 255 255
337.04748354638014 376.6508895222182 0 255 255 255
319.42541323388014 256.8906356159682 0 255 255 255
454.06481753075514 931.4643660847182 0 255 255 255
234.58910952294264 253.88379967846822 0 255 255 255
404.81530581200514 358.6093856159682 0 255 255 255
337.35265932763014 404.2661238972182 0 255 255 255
311.96264467919264 472.0800887409682 0 255 255 255
289.11608706200514 534.0820418659682 0 255 255 255
536.1179181166926 537.1760360065932 0 255 255 255
322.21093569481764 310.0581160847182 0 255 255 255
289.76074038231764 499.6604110065932 0 255 255 255
406.40820131981764 362.4592391315932 0 255 255 255
423.02917299950514 763.0991317097182 0 255 255 255
352.54186831200514 291.1936141315932 0 255 255 255
516.3162823745051 625.8261824909682 0 255 255 255
