423.8304967720501 343.33224650361944 0 255 255 255
224.03545282673758 171.42697306611944 0 255 255 255
410.01195429158133 482.70236369111944 0 255 255 255
434.59081171345633 460.02536173799444 0 255 255 255
463.95836542439383 460.76144572236944 0 255 255 255
377.5634069283001 345.00460978486944 0 255 255 255
410.01195429158133 482.70236369111944 0 255 255 255
434.59081171345633 460.02536173799444 0 255 255 255
366.28771112751883 494.04513712861944 0 255 255 255
353.30345819783133 1041.6938187692444 0 255 255 255
319.0652379829876 276.98434611299444 0 255 255 255
414.58251093220633 363.15451212861944 0 255 255 255
410.0723180611126 1060.2277543161194 0 255 255 255
445.56310175251883 379.85714884736944 0 255 255 255
489.36839960408133 521.9443070504944 0 255 255 255
312.18797968220633 565.1479203317444 0 255 255 255
282.0615758736126 775.4858109567444 0 255 255 255
444.63353632283133 411.06369181611944 0 255 255 255
560.4781408150188 734.1764847848694 0 255 255 255
156.24816034626883 451.88131876924444 0 255 255 255
342.3848180611126 1013.2441117379944 0 255 255 255
344.3452672798626 332.71042033174444 0 255 255 255
367.4836950142376 247.47751017549444 0 255 255 255
345.8995885689251 577.5732133004944 0 255 255 255
378.51671503376883 423.46994181611944 0 255 255 255
444.63353632283133 411.06369181611944 0 255 255 255
