229.4780855015515 699.6612479160171 0 255 255 255
260.9390230015515 640.8035819003921 0 255 255 255
156.6748628453015 495.69628209570465 0 255 255 255
263.2534761265515 615.6822440097671 0 255 255 255
263.2534761265515 615.6822440097671 0 255 255 255
176.5454683140515 425.23290318945465 0 255 255 255
364.4414644078015 796.5351492832046 0 255 255 255
250.0689058140515 661.1816336582046 0 255 255 255
341.8442964390515 508.84484166601715 0 255 255 255
364.3862886265515 559.8814627597671 0 255 255 255
