29
-2.39622 2.21603 3.81761 255 255 255
-2.55992 1.93996 3.94682 255 255 255
-2.55566 1.93995 3.98316 255 255 255
-2.3133 2.36494 4.02391 255 255 255
-2.41561 2.17711 3.98926 255 255 255
-2.46505 2.10508 3.68272 255 255 255
-2.50534 2.03351 4.00566 255 255 255
-2.44729 2.13765 3.68943 255 255 255
-2.48277 2.06417 3.69153 255 255 255
-2.55504 1.93709 3.68314 255 255 255
-2.53761 1.97925 4.00403 255 255 255
-2.4717 2.08639 4.00932 255 255 255
-2.49231 2.03566 3.99487 255 255 255
-2.48537 2.07137 4.00589 255 255 255
-2.44925 2.12827 4.00814 255 255 255
-2.55502 1.95267 3.99899 255 255 255
-2.4165 2.18637 4.01252 255 255 255
-2.39622 2.21603 3.81761 255 255 255
-2.33926 2.32248 4.00543 255 255 255
-2.42524 2.17734 3.86468 255 255 255
-2.40807 2.21028 3.546 255 255 255
-2.35516 2.29665 3.53027 255 255 255
-2.45157 2.14333 3.78075 255 255 255
-2.45157 2.14333 3.78075 255 255 255
-2.42318 2.19196 3.72306 255 255 255
-2.3395 2.31747 3.75851 255 255 255
-2.54822 1.95276 3.79803 255 255 255
-2.37038 2.27029 3.51313 255 255 255
-2.43138 2.16343 3.57811 255 255 255
