52
-2.3728 2.22494 3.53939 255 255 255
-2.34029 2.23589 3.52756 255 255 255
-2.03663 1.94571 3.56053 255 255 255
-2.00502 2.04208 3.52097 255 255 255
-2.38934 2.19434 3.56136 255 255 255
-2.42115 2.14375 3.59276 255 255 255
-2.32337 2.22207 3.51899 255 255 255
-2.17041 1.93 3.61828 255 255 255
-2.33012 2.23028 3.52929 255 255 255
-2.23308 2.17549 3.52968 255 255 255
-2.41548 2.14832 3.57554 255 255 255
-2.21201 2.16272 3.52759 255 255 255
-2.17386 2.13956 3.52519 255 255 255
-2.00642 2.04124 3.51755 255 255 255
-2.10479 2.09904 3.5215 255 255 255
-2.08522 2.08838 3.52217 255 255 255
-2.12364 2.11087 3.5266 255 255 255
-2.29058 2.09713 3.58071 255 255 255
-2.03957 2.01776 3.53817 255 255 255
-2.14442 2.12319 3.52641 255 255 255
-2.18393 2.14517 3.52544 255 255 255
-2.2818 2.20192 3.52503 255 255 255
-2.02985 2.01221 3.54004 255 255 255
-2.30146 2.21339 3.5279 255 255 255
-2.40941 2.16418 3.57905 255 255 255
-2.15483 2.12784 3.5241 255 255 255
-2.115 2.10458 3.52129 255 255 255
-2.06554 1.89361 3.59351 255 255 255
-2.0148 1.98531 3.53919 255 255 255
-2.39713 2.18393 3.56768 255 255 255
-2.36119 2.24739 3.52963 255 255 255
-2.41821 2.18687 3.55875 255 255 255
-2.25075 2.07309 3.57777 255 255 255
-2.01675 2.04726 3.51885 255 255 255
-2.03755 2.05749 3.51528 255 255 255
-2.13469 2.117 3.52527 255 255 255
-2.19364 2.15052 3.52588 255 255 255
-2.20348 2.15728 3.52724 255 255 255
-2.22282 2.16901 3.52902 255 255 255
-2.24263 2.18004 3.52778 255 255 255
-2.29177 2.20726 3.52623 255 255 255
-2.31174 2.21996 3.52783 255 255 255
-2.20243 2.04496 3.57633 255 255 255
-2.20243 2.04496 3.57633 255 255 255
-2.25328 2.1854 3.52728 255 255 255
-2.35112 2.2419 3.52825 255 255 255
-2.21922 1.95801 3.61898 255 255 255
-2.30885 2.24028 3.52983 255 255 255
-2.0529 1.91674 3.57935 255 255 255
-2.00201 2.00658 3.52398 255 255 255
-1.99336 2.0223 3.51552 255 255 255
-2.07293 1.8822 3.60146 255 255 255
