100
-2.3728 2.22494 3.53939 255 255 255
-2.34029 2.23589 3.52756 255 255 255
-2.22103 2.05542 3.577 255 255 255
-2.11163 2.03174 3.55294 255 255 255
-2.2083 2.11544 3.54511 255 255 255
-2.00502 2.04208 3.52097 255 255 255
-2.14956 2.06703 3.54652 255 255 255
-2.27507 2.18268 3.53391 255 255 255
-2.23742 1.99491 3.60463 255 255 255
-2.279 2.12939 3.55811 255 255 255
-2.21178 2.04849 3.57162 255 255 255
-2.38934 2.19434 3.56136 255 255 255
-2.42115 2.14375 3.59276 255 255 255
-2.37066 2.12807 3.58444 255 255 255
-2.32337 2.22207 3.51899 255 255 255
-2.37697 2.18636 3.56001 255 255 255
-2.14777 2.0955 3.53925 255 255 255
-2.13428 2.0041 3.5705 255 255 255
-2.17041 1.93 3.61828 255 255 255
-2.33012 2.23028 3.52929 255 255 255
-2.07727 1.95716 3.5756 255 255 255
-2.30231 2.20407 3.54741 255 255 255
-2.3262 2.17168 3.55423 255 255 255
-2.23308 2.17549 3.52968 255 255 255
-2.0607 2.02983 3.54036 255 255 255
-2.21201 2.16272 3.52759 255 255 255
-2.17386 2.13956 3.52519 255 255 255
-2.21737 1.98385 3.6049 255 255 255
-2.00642 2.04124 3.51755 255 255 255
-2.10479 2.09904 3.5215 255 255 255
-2.08522 2.08838 3.52217 255 255 255
-2.12364 2.11087 3.5266 255 255 255
-2.03957 2.01776 3.53817 255 255 255
-2.14442 2.12319 3.52641 255 255 255
-2.18393 2.14517 3.52544 255 255 255
-2.36608 2.19417 3.55445 255 255 255
-2.2818 2.20192 3.52503 255 255 255
-2.13723 2.10321 3.52957 255 255 255
-2.38218 2.21559 3.54732 255 255 255
-2.02985 2.01221 3.54004 255 255 255
-2.46055 2.1148 3.60684 255 255 255
-2.41685 2.18658 3.56001 255 255 255
-2.44359 2.13861 3.58814 255 255 255
-2.14387 2.00881 3.57077 255 255 255
-2.30146 2.21339 3.5279 255 255 255
-2.13723 2.10321 3.52957 255 255 255
-2.40941 2.16418 3.57905 255 255 255
-2.15483 2.12784 3.5241 255 255 255
-2.0754 2.06915 3.53475 255 255 255
-2.115 2.10458 3.52129 255 255 255
-2.43065 2.16186 3.57371 255 255 255
-2.06554 1.89361 3.59351 255 255 255
-2.39713 2.18393 3.56768 255 255 255
-2.36119 2.24739 3.52963 255 255 255
-2.01675 2.04726 3.51885 255 255 255
-2.03755 2.05749 3.51528 255 255 255
-2.38572 2.20485 3.55414 255 255 255
-2.13469 2.117 3.52527 255 255 255
-2.19364 2.15052 3.52588 255 255 255
-2.20348 2.15728 3.52724 255 255 255
-2.22282 2.16901 3.52902 255 255 255
-2.24263 2.18004 3.52778 255 255 255
-2.29177 2.20726 3.52623 255 255 255
-2.31174 2.21996 3.52783 255 255 255
-2.20243 2.04496 3.57633 255 255 255
-2.20243 2.04496 3.57633 255 255 255
-2.25328 2.1854 3.52728 255 255 255
-2.40341 2.19356 3.56423 255 255 255
-2.22485 2.15401 3.53421 255 255 255
-2.14735 2.10857 3.53139 255 255 255
-2.02643 2.05279 3.51667 255 255 255
-2.35112 2.2419 3.52825 255 255 255
-2.37697 2.18636 3.56001 255 255 255
-2.22103 2.05542 3.577 255 255 255
-2.18664 2.11755 3.53849 255 255 255
-2.21922 1.95801 3.61898 255 255 255
-2.07491 2.08325 3.52711 255 255 255
-2.30885 2.24028 3.52983 255 255 255
-2.0529 1.91674 3.57935 255 255 255
-2.00201 2.00658 3.52398 255 255 255
-2.37066 2.12807 3.58444 255 255 255
-2.34318 2.20867 3.54135 255 255 255
-2.28945 2.12125 3.56287 255 255 255
-2.279 2.12939 3.55811 255 255 255
-2.23564 2.15925 3.53281 255 255 255
-2.21178 2.04849 3.57162 255 255 255
-2.21737 1.98385 3.6049 255 255 255
-2.18259 2.03239 3.57288 255 255 255
-2.17349 2.02673 3.57222 255 255 255
-2.17349 2.02673 3.57222 255 255 255
-2.13758 2.08948 3.54009 255 255 255
-2.13758 2.08948 3.54009 255 255 255
-2.13414 2.00411 3.57212 255 255 255
-2.09656 2.08087 3.53328 255 255 255
-2.11528 1.97903 3.57826 255 255 255
-2.07155 2.03498 3.53941 255 255 255
-2.05494 2.07189 3.52724 255 255 255
-2.04401 2.06694 3.52931 255 255 255
-1.99336 2.0223 3.51552 255 255 255
-2.07293 1.8822 3.60146 255 255 255
