21
-2.3728 2.22494 3.53939 255 255 255
-2.34029 2.23589 3.52756 255 255 255
-2.38934 2.19434 3.56136 255 255 255
-2.42115 2.14375 3.59276 255 255 255
-2.3262 2.17168 3.55423 255 255 255
-2.23308 2.17549 3.52968 255 255 255
-2.21201 2.16272 3.52759 255 255 255
-2.36608 2.19417 3.55445 255 255 255
-2.2818 2.20192 3.52503 255 255 255
-2.40941 2.16418 3.57905 255 255 255
-2.43274 2.1631 3.57566 255 255 255
-2.39713 2.18393 3.56768 255 255 255
-2.36119 2.24739 3.52963 255 255 255
-2.38572 2.20485 3.55414 255 255 255
-2.22282 2.16901 3.52902 255 255 255
-2.31174 2.21996 3.52783 255 255 255
-2.20243 2.04496 3.57633 255 255 255
-2.20243 2.04496 3.57633 255 255 255
-2.25328 2.1854 3.52728 255 255 255
-2.35112 2.2419 3.52825 255 255 255
-2.36581 2.27058 3.50989 255 255 255
