21
-2.3728 2.22494 3.53939 255 255 255
-2.38934 2.19434 3.56136 255 255 255
-2.42115 2.14375 3.59276 255 255 255
-2.17386 2.13956 3.52519 255 255 255
-2.2818 2.20192 3.52503 255 255 255
-2.38218 2.21559 3.54732 255 255 255
-2.41685 2.18658 3.56001 255 255 255
-2.44359 2.13861 3.58814 255 255 255
-2.40941 2.16418 3.57905 255 255 255
-2.43065 2.16186 3.57371 255 255 255
-2.38859 2.24034 3.52807 255 255 255
-2.0148 1.98531 3.53919 255 255 255
-2.39713 2.18393 3.56768 255 255 255
-2.36119 2.24739 3.52963 255 255 255
-2.38572 2.20485 3.55414 255 255 255
-2.31174 2.21996 3.52783 255 255 255
-2.21235 1.93756 3.62186 255 255 255
-2.25328 2.1854 3.52728 255 255 255
-2.40341 2.19356 3.56423 255 255 255
-2.35112 2.2419 3.52825 255 255 255
-2.00201 2.00658 3.52398 255 255 255
