35
-2.22103 2.05542 3.577 255 255 255
-2.11163 2.03174 3.55294 255 255 255
-2.2083 2.11544 3.54511 255 255 255
-2.14956 2.06703 3.54652 255 255 255
-2.23742 1.99491 3.60463 255 255 255
-2.14777 2.0955 3.53925 255 255 255
-2.0144 1.98615 3.53588 255 255 255
-2.17041 1.93 3.61828 255 255 255
-2.21201 2.16272 3.52759 255 255 255
-2.17386 2.13956 3.52519 255 255 255
-2.10709 2.08696 3.53577 255 255 255
-2.00642 2.04124 3.51755 255 255 255
-2.10479 2.09904 3.5215 255 255 255
-2.08522 2.08838 3.52217 255 255 255
-2.14442 2.12319 3.52641 255 255 255
-2.2604 2.10502 3.56603 255 255 255
-2.18393 2.14517 3.52544 255 255 255
-2.13723 2.10321 3.52957 255 255 255
-2.13723 2.10321 3.52957 255 255 255
-2.15483 2.12784 3.5241 255 255 255
-2.115 2.10458 3.52129 255 255 255
-2.01675 2.04726 3.51885 255 255 255
-2.13469 2.117 3.52527 255 255 255
-2.19364 2.15052 3.52588 255 255 255
-2.20348 2.15728 3.52724 255 255 255
-2.22282 2.16901 3.52902 255 255 255
-2.20243 2.04496 3.57633 255 255 255
-2.20243 2.04496 3.57633 255 255 255
-2.22485 2.15401 3.53421 255 255 255
-2.14735 2.10857 3.53139 255 255 255
-2.02643 2.05279 3.51667 255 255 255
-2.22103 2.05542 3.577 255 255 255
-2.21922 1.95801 3.61898 255 255 255
-2.00201 2.00658 3.52398 255 255 255
-2.12501 1.98484 3.57897 255 255 255
