22
-2.37729 2.21462 3.54722 255 255 255
-2.43331 2.14203 3.59481 255 255 255
-2.0144 1.98615 3.53588 255 255 255
-2.4396 2.13246 3.6031 255 255 255
-2.3603 2.2682 3.52369 255 255 255
-2.39179 2.21593 3.55126 255 255 255
-2.36662 2.25806 3.52462 255 255 255
-2.41685 2.18658 3.56001 255 255 255
-2.40987 2.18245 3.56803 255 255 255
-2.38622 2.22381 3.54383 255 255 255
-2.37987 2.23589 3.53767 255 255 255
-2.38721 2.19368 3.55734 255 255 255
-2.35876 2.24515 3.53562 255 255 255
-2.43065 2.16186 3.57371 255 255 255
-2.42595 2.15408 3.58679 255 255 255
-2.33693 2.26117 3.52796 255 255 255
-2.37146 2.26876 3.5134 255 255 255
-2.38859 2.24034 3.52807 255 255 255
-2.39752 2.1844 3.56909 255 255 255
-2.42963 2.11973 3.60955 255 255 255
-2.43704 2.11084 3.61037 255 255 255
-2.35112 2.2419 3.52825 255 255 255
