31
-2.3728 2.22494 3.53939 255 255 255
-2.34029 2.23589 3.52756 255 255 255
-2.37729 2.21462 3.54722 255 255 255
-2.41434 2.17048 3.57296 255 255 255
-2.38934 2.19434 3.56136 255 255 255
-2.42115 2.14375 3.59276 255 255 255
-2.43331 2.14203 3.59481 255 255 255
-2.4396 2.13246 3.6031 255 255 255
-2.39179 2.21593 3.55126 255 255 255
-2.40287 2.19144 3.55941 255 255 255
-2.36608 2.19417 3.55445 255 255 255
-2.46055 2.1148 3.60684 255 255 255
-2.4019 2.15096 3.58312 255 255 255
-2.36662 2.25806 3.52462 255 255 255
-2.39757 2.2022 3.55457 255 255 255
-2.41685 2.18658 3.56001 255 255 255
-2.40987 2.18245 3.56803 255 255 255
-2.44359 2.13861 3.58814 255 255 255
-2.38622 2.22381 3.54383 255 255 255
-2.40941 2.16418 3.57905 255 255 255
-2.37349 2.24599 3.53116 255 255 255
-2.37987 2.23589 3.53767 255 255 255
-2.43065 2.16186 3.57371 255 255 255
-2.42595 2.15408 3.58679 255 255 255
-2.36227 2.26793 3.52275 255 255 255
-2.38859 2.24034 3.52807 255 255 255
-2.39713 2.18393 3.56768 255 255 255
-2.36119 2.24739 3.52963 255 255 255
-2.38572 2.20485 3.55414 255 255 255
-2.43704 2.11084 3.61037 255 255 255
-2.35112 2.2419 3.52825 255 255 255
