24
-2.37729 2.21462 3.54722 255 255 255
-2.41434 2.17048 3.57296 255 255 255
-2.38934 2.19434 3.56136 255 255 255
-2.43331 2.14203 3.59481 255 255 255
-2.0144 1.98615 3.53588 255 255 255
-1.97387 2.03344 3.50807 255 255 255
-2.4396 2.13246 3.6031 255 255 255
-2.39179 2.21593 3.55126 255 255 255
-2.40287 2.19144 3.55941 255 255 255
-2.08536 1.8637 3.61656 255 255 255
-2.4019 2.15096 3.58312 255 255 255
-2.36662 2.25806 3.52462 255 255 255
-2.41685 2.18658 3.56001 255 255 255
-2.40987 2.18245 3.56803 255 255 255
-2.05209 1.91666 3.57965 255 255 255
-2.38622 2.22381 3.54383 255 255 255
-2.37349 2.24599 3.53116 255 255 255
-2.37987 2.23589 3.53767 255 255 255
-2.43065 2.16186 3.57371 255 255 255
-2.42595 2.15408 3.58679 255 255 255
-2.36227 2.26793 3.52275 255 255 255
-2.37146 2.26876 3.5134 255 255 255
-2.38859 2.24034 3.52807 255 255 255
-2.43704 2.11084 3.61037 255 255 255
