23
-2.37229 2.2123 3.54856 255 255 255
-2.34029 2.23589 3.52756 255 255 255
-2.00502 2.04208 3.52097 255 255 255
-2.17041 1.93 3.61828 255 255 255
-2.07099 1.8571 3.63687 255 255 255
-2.36608 2.19417 3.55445 255 255 255
-2.06554 1.89361 3.59351 255 255 255
-2.33693 2.26117 3.52796 255 255 255
-2.31174 2.21996 3.52783 255 255 255
-2.20243 2.04496 3.57633 255 255 255
-2.20243 2.04496 3.57633 255 255 255
-2.44294 2.13848 3.58902 255 255 255
-2.0529 1.91674 3.57935 255 255 255
-2.36581 2.27058 3.50989 255 255 255
-2.01592 2.0419 3.52534 255 255 255
-2.44384 2.08929 3.62367 255 255 255
-2.3697 2.22507 3.54032 255 255 255
-2.01967 1.98417 3.55756 255 255 255
-1.9872 2.03907 3.52663 255 255 255
-2.40807 2.21028 3.546 255 255 255
-2.37038 2.27029 3.51313 255 255 255
-2.07293 1.8822 3.60146 255 255 255
-2.43138 2.16343 3.57811 255 255 255
