25
-2.37729 2.21462 3.54722 255 255 255
-2.41434 2.17048 3.57296 255 255 255
-2.38934 2.19434 3.56136 255 255 255
-2.43331 2.14203 3.59481 255 255 255
-1.97387 2.03344 3.50807 255 255 255
-2.39179 2.21593 3.55126 255 255 255
-2.40287 2.19144 3.55941 255 255 255
-2.07266 1.88219 3.60102 255 255 255
-2.08536 1.8637 3.61656 255 255 255
-2.4019 2.15096 3.58312 255 255 255
-2.36662 2.25806 3.52462 255 255 255
-2.39757 2.2022 3.55457 255 255 255
-2.41685 2.18658 3.56001 255 255 255
-2.40987 2.18245 3.56803 255 255 255
-2.4751 2.0892 3.62139 255 255 255
-2.44359 2.13861 3.58814 255 255 255
-2.05209 1.91666 3.57965 255 255 255
-2.38622 2.22381 3.54383 255 255 255
-2.37349 2.24599 3.53116 255 255 255
-2.43065 2.16186 3.57371 255 255 255
-2.06554 1.89361 3.59351 255 255 255
-2.42595 2.15408 3.58679 255 255 255
-2.36227 2.26793 3.52275 255 255 255
-2.38859 2.24034 3.52807 255 255 255
-2.00201 2.00658 3.52398 255 255 255
