70
-2.3728 2.22494 3.53939 255 255 255
-2.34029 2.23589 3.52756 255 255 255
-2.11163 2.03174 3.55294 255 255 255
-2.00502 2.04208 3.52097 255 255 255
-2.27507 2.18268 3.53391 255 255 255
-2.279 2.12939 3.55811 255 255 255
-2.38934 2.19434 3.56136 255 255 255
-2.42115 2.14375 3.59276 255 255 255
-2.37066 2.12807 3.58444 255 255 255
-2.32337 2.22207 3.51899 255 255 255
-2.37697 2.18636 3.56001 255 255 255
-2.14777 2.0955 3.53925 255 255 255
-2.33012 2.23028 3.52929 255 255 255
-2.30888 2.1327 3.56535 255 255 255
-2.30231 2.20407 3.54741 255 255 255
-2.3262 2.17168 3.55423 255 255 255
-2.23308 2.17549 3.52968 255 255 255
-2.0607 2.02983 3.54036 255 255 255
-2.21201 2.16272 3.52759 255 255 255
-2.17386 2.13956 3.52519 255 255 255
-2.00642 2.04124 3.51755 255 255 255
-2.10479 2.09904 3.5215 255 255 255
-2.08522 2.08838 3.52217 255 255 255
-2.12364 2.11087 3.5266 255 255 255
-2.29058 2.09713 3.58071 255 255 255
-2.03957 2.01776 3.53817 255 255 255
-2.14442 2.12319 3.52641 255 255 255
-2.2604 2.10502 3.56603 255 255 255
-2.18393 2.14517 3.52544 255 255 255
-2.36608 2.19417 3.55445 255 255 255
-2.2818 2.20192 3.52503 255 255 255
-2.13723 2.10321 3.52957 255 255 255
-2.02985 2.01221 3.54004 255 255 255
-2.4019 2.15096 3.58312 255 255 255
-2.41685 2.18658 3.56001 255 255 255
-2.30146 2.21339 3.5279 255 255 255
-2.13723 2.10321 3.52957 255 255 255
-2.40941 2.16418 3.57905 255 255 255
-2.15483 2.12784 3.5241 255 255 255
-2.115 2.10458 3.52129 255 255 255
-2.39713 2.18393 3.56768 255 255 255
-2.36119 2.24739 3.52963 255 255 255
-2.25075 2.07309 3.57777 255 255 255
-2.01675 2.04726 3.51885 255 255 255
-2.03755 2.05749 3.51528 255 255 255
-2.38572 2.20485 3.55414 255 255 255
-2.13469 2.117 3.52527 255 255 255
-2.19364 2.15052 3.52588 255 255 255
-2.20348 2.15728 3.52724 255 255 255
-2.22282 2.16901 3.52902 255 255 255
-2.24263 2.18004 3.52778 255 255 255
-2.29177 2.20726 3.52623 255 255 255
-2.31174 2.21996 3.52783 255 255 255
-2.25328 2.1854 3.52728 255 255 255
-2.22485 2.15401 3.53421 255 255 255
-2.14735 2.10857 3.53139 255 255 255
-2.02643 2.05279 3.51667 255 255 255
-2.35112 2.2419 3.52825 255 255 255
-2.37697 2.18636 3.56001 255 255 255
-2.18664 2.11755 3.53849 255 255 255
-2.07491 2.08325 3.52711 255 255 255
-2.39021 2.13905 3.58365 255 255 255
-2.37066 2.12807 3.58444 255 255 255
-2.28945 2.12125 3.56287 255 255 255
-2.279 2.12939 3.55811 255 255 255
-2.09656 2.08087 3.53328 255 255 255
-2.07155 2.03498 3.53941 255 255 255
-2.05494 2.07189 3.52724 255 255 255
-2.04401 2.06694 3.52931 255 255 255
-2.02945 2.01282 3.5439 255 255 255
