58
-2.37229 2.2123 3.54856 255 255 255
-2.34029 2.23589 3.52756 255 255 255
-2.03663 1.94571 3.56053 255 255 255
-2.11163 2.03174 3.55294 255 255 255
-2.00502 2.04208 3.52097 255 255 255
-2.14956 2.06703 3.54652 255 255 255
-2.27507 2.18268 3.53391 255 255 255
-2.23742 1.99491 3.60463 255 255 255
-2.279 2.12939 3.55811 255 255 255
-2.21178 2.04849 3.57162 255 255 255
-2.13428 2.0041 3.5705 255 255 255
-2.17041 1.93 3.61828 255 255 255
-2.07727 1.95716 3.5756 255 255 255
-2.30888 2.1327 3.56535 255 255 255
-2.3262 2.17168 3.55423 255 255 255
-2.0607 2.02983 3.54036 255 255 255
-2.21737 1.98385 3.6049 255 255 255
-2.00642 2.04124 3.51755 255 255 255
-2.10479 2.09904 3.5215 255 255 255
-2.08522 2.08838 3.52217 255 255 255
-2.03957 2.01776 3.53817 255 255 255
-2.36608 2.19417 3.55445 255 255 255
-2.2818 2.20192 3.52503 255 255 255
-2.02985 2.01221 3.54004 255 255 255
-2.14387 2.00881 3.57077 255 255 255
-2.15483 2.12784 3.5241 255 255 255
-2.14752 1.98828 3.59511 255 255 255
-2.115 2.10458 3.52129 255 255 255
-2.06554 1.89361 3.59351 255 255 255
-2.01675 2.04726 3.51885 255 255 255
-2.13469 2.117 3.52527 255 255 255
-2.29177 2.20726 3.52623 255 255 255
-2.31174 2.21996 3.52783 255 255 255
-2.20243 2.04496 3.57633 255 255 255
-2.20243 2.04496 3.57633 255 255 255
-2.44294 2.13848 3.58902 255 255 255
-2.21235 1.93756 3.62186 255 255 255
-2.25328 2.1854 3.52728 255 255 255
-2.02643 2.05279 3.51667 255 255 255
-2.21922 1.95801 3.61898 255 255 255
-2.39021 2.13905 3.58365 255 255 255
-2.34318 2.20867 3.54135 255 255 255
-2.28945 2.12125 3.56287 255 255 255
-2.279 2.12939 3.55811 255 255 255
-2.21178 2.04849 3.57162 255 255 255
-2.21737 1.98385 3.6049 255 255 255
-2.18259 2.03239 3.57288 255 255 255
-2.17349 2.02673 3.57222 255 255 255
-2.17349 2.02673 3.57222 255 255 255
-2.13414 2.00411 3.57212 255 255 255
-2.12501 1.98484 3.57897 255 255 255
-2.11528 1.97903 3.57826 255 255 255
-2.36581 2.27058 3.50989 255 255 255
-2.01592 2.0419 3.52534 255 255 255
-2.44384 2.08929 3.62367 255 255 255
-2.3697 2.22507 3.54032 255 255 255
-2.37038 2.27029 3.51313 255 255 255
-2.07293 1.8822 3.60146 255 255 255
