460.83659329077636 999.0861642390157 0 255 255 255
444.78239407202636 721.5391671687032 0 255 255 255
491.89616360327636 507.30827117260947 0 255 255 255
683.2770229782764 983.0013253718282 0 255 255 255
504.13981594702636 778.5390450983907 0 255 255 255
491.89616360327636 507.30827117260947 0 255 255 255
585.6476284470264 585.142133477297 0 255 255 255
516.9889370407764 149.78703093823447 0 255 255 255
677.8766323532764 933.6970040827657 0 255 255 255
396.65495266577636 398.4345529108907 0 255 255 255
482.98893704077636 1016.6926095515157 0 255 255 255
418.57438625952636 255.41386199292197 0 255 255 255
396.65495266577636 398.4345529108907 0 255 255 255
502.16130032202636 237.65836882885947 0 255 255 255
460.83659329077636 999.0861642390157 0 255 255 255
523.2482143845264 516.7880075007345 0 255 255 255
455.64274563452636 959.1485421687032 0 255 255 255
434.51579250952636 537.1594064265157 0 255 255 255
548.0782925095264 486.90885711010947 0 255 255 255
492.99919094702636 974.4753243952657 0 255 255 255
