481.5960200513391 507.27865731856264 0 255 255 255
381.8975337232141 476.53915536543764 0 255 255 255
272.7725337232141 696.0184034123126 0 255 255 255
313.3716548169641 431.34115731856264 0 255 255 255
373.2874263013391 677.8489698185626 0 255 255 255
476.4204829419641 714.8235791935626 0 255 255 255
449.4385493482141 1021.4436963810626 0 255 255 255
137.7644770825891 365.27670419356264 0 255 255 255
409.5161860669641 1003.4090284123126 0 255 255 255
480.8260005200891 762.7083448185626 0 255 255 255
482.5459712232141 894.5462354435626 0 255 255 255
274.1416743482141 415.66073739668764 0 255 255 255
480.8260005200891 762.7083448185626 0 255 255 255
408.6492427075891 922.6175245060626 0 255 255 255
307.9141352857141 881.6302198185626 0 255 255 255
520.0601313794641 725.1609815373126 0 255 255 255
326.4058345044641 257.14315927168764 0 255 255 255
422.0755122388391 646.4070752873126 0 255 255 255
216.1709712232141 412.15634286543764 0 255 255 255
324.9527095044641 706.8133252873126 0 255 255 255
