312.8930074936038 353.0865781660368 0 255 255 255
386.5609762436038 423.4796445722868 0 255 255 255
515.3097555404788 623.3876035566618 0 255 255 255
528.4789449936038 664.3094785566618 0 255 255 255
372.1454488998538 634.8192441816618 0 255 255 255
199.90057585297882 423.9874570722868 0 255 255 255
555.1408102279788 785.2237851972868 0 255 255 255
448.1083395248538 621.5829160566618 0 255 255 255
528.4789449936038 664.3094785566618 0 255 255 255
554.5353414779788 625.2240293379118 0 255 255 255
267.1310446029788 250.24649027541182 0 255 255 255
553.8307516342288 492.3019101972868 0 255 255 255
