458.64099057178646 981.8409287057952 0 255 255 255
485.75085385303646 827.0499130807952 0 255 255 255
440.41882260303646 719.5428330026702 0 255 255 255
487.02624447803646 513.3372665964202 0 255 255 255
592.8353265092865 512.5821396432952 0 255 255 255
499.89294369678646 772.2195908151702 0 255 255 255
586.6644280717865 792.9949814401702 0 255 255 255
487.02624447803646 513.3372665964202 0 255 255 255
663.9866936967865 866.6255966745452 0 255 255 255
672.3572991655365 919.1268173776702 0 255 255 255
394.75183041553646 408.88926854954525 0 255 255 255
417.05212338428646 272.13243261204525 0 255 255 255
394.75183041553646 408.88926854954525 0 255 255 255
500.32995541553646 256.99742284642025 0 255 255 255
592.8167718217865 316.20103612767025 0 255 255 255
458.64099057178646 981.8409287057952 0 255 255 255
590.1365960405365 800.6671005807952 0 255 255 255
541.6478265092865 492.08116308079525 0 255 255 255
