623.6084720163426 446.2909351357721 0 255 255 255
298.6297122507176 676.9514575967096 0 255 255 255
257.7749759225926 688.3099781045221 0 255 255 255
623.6084720163426 446.2909351357721 0 255 255 255
343.9485599069676 660.1389575967096 0 255 255 255
385.8030520944676 589.2178150185846 0 255 255 255
827.9939700632176 337.3389087685846 0 255 255 255
682.2552005319676 534.1759449013971 0 255 255 255
857.7095462350926 402.2917896279596 0 255 255 255
392.1087161569676 637.7847095498346 0 255 255 255
653.4580813913426 486.97397956936584 0 255 255 255
217.7866946725926 537.4050708779596 0 255 255 255
