418.4370885628364 703.8411169103931 0 255 255 255
378.4683385628364 614.8021764807056 0 255 255 255
512.4986120003364 135.93236446898686 0 255 255 255
342.2979284065864 390.16893673461186 0 255 255 255
576.5943151253364 734.9019079260181 0 255 255 255
581.2871862190864 779.0551061682056 0 255 255 255
542.3184362190864 393.58495235961186 0 255 255 255
372.1231237190864 224.35253048461186 0 255 255 255
403.0738073128364 410.30040646117436 0 255 255 255
450.4121862190864 214.5869665197681 0 255 255 255
302.8238073128364 374.15062618773686 0 255 255 255
479.1851354378364 419.78880978148686 0 255 255 255
416.2261510628364 810.8851842932056 0 255 255 255
