909.0402044208067 466.5770684347449 0 255 255 255
623.0978216083067 434.14707575896364 0 255 255 255
270.61588801455673 654.1947442159949 0 255 255 255
229.60465754580673 665.4080010519324 0 255 255 255
377.28922785830673 565.2938653097449 0 255 255 255
623.0978216083067 434.14707575896364 0 255 255 255
962.5094427020567 423.95164118865114 0 255 255 255
956.1969427020567 358.0354424581824 0 255 255 255
316.66666926455673 637.8508721456824 0 255 255 255
410.51676692080673 628.2278252706824 0 255 255 255
371.12028254580673 624.7292901144324 0 255 255 255
855.3248723895567 397.0926934347449 0 255 255 255
861.4210637958067 462.13096247771364 0 255 255 255
