321.1586829185635 197.9974645744246 0 255 255 255
388.2597571373135 461.7141393791121 0 255 255 255
377.6667395591885 671.9060339103621 0 255 255 255
275.3871985435635 689.4385046134871 0 255 255 255
318.5410071373135 417.3928503166121 0 255 255 255
377.6667395591885 671.9060339103621 0 255 255 255
273.4670325279385 613.8562292228621 0 255 255 255
456.6652747154385 1030.432401097862 0 255 255 255
439.9579993248135 968.0210241447371 0 255 255 255
413.6198645591885 1013.0647253166121 0 255 255 255
122.5082922935635 296.0348180900496 0 255 255 255
487.2563391685635 760.7861608634871 0 255 255 255
270.6506262779385 743.9707311759871 0 255 255 255
298.2587805748135 185.7366003166121 0 255 255 255
489.9167395591885 898.3794225822371 0 255 255 255
487.2563391685635 760.7861608634871 0 255 255 255
413.2719641685635 927.0520300041121 0 255 255 255
321.1586829185635 197.9974645744246 0 255 255 255
400.5026770591885 413.1142858634871 0 255 255 255
526.9833899498135 721.9773229728621 0 255 255 255
331.7392493248135 235.6805700431746 0 255 255 255
428.1237708091885 638.4045690666121 0 255 255 255
328.5519934654385 701.1675085197371 0 255 255 255
219.3564368248135 395.7805456291121 0 255 255 255
293.6401282310635 225.5639928947371 0 255 255 255
