409.1235661326614 722.4059751725974 0 255 255 255
564.6846012889114 797.6962583757224 0 255 255 255
474.5875553904739 774.6471861100974 0 255 255 255
171.97158859359888 389.70980818040994 0 255 255 255
252.61001632797388 210.08822614915994 0 255 255 255
349.2718815623489 409.35568220384744 0 255 255 255
498.6856999217239 493.54635603197244 0 255 255 255
602.2429508982864 790.6315611100974 0 255 255 255
364.0564274607864 271.29916364915994 0 255 255 255
415.9811100779739 482.60287458665994 0 255 255 255
349.2718815623489 409.35568220384744 0 255 255 255
446.4624333201614 988.4521177507224 0 255 255 255
393.6422428904739 767.0065611100974 0 255 255 255
306.4586491404739 442.25582868822244 0 255 255 255
453.7728581248489 272.26181013353494 0 255 255 255
475.9862370310989 964.8193052507224 0 255 255 255
260.6958317576614 590.0732115007224 0 255 255 255
