249.48220627809997 384.21367558159045 0 255 255 255
132.11294358278747 287.95439823784045 0 255 255 255
237.33096116091247 606.570487105028 0 255 255 255
155.73184006716247 443.47307499565295 0 255 255 255
362.19180100466247 843.282889448778 0 255 255 255
201.30386155153747 534.747977339403 0 255 255 255
321.91274827028747 697.870291792528 0 255 255 255
321.91274827028747 697.870291792528 0 255 255 255
156.75454514528747 612.697928511278 0 255 255 255
191.83352463747497 701.522147261278 0 255 255 255
143.27480881716247 718.410819136278 0 255 255 255
237.33096116091247 606.570487105028 0 255 255 255
210.86379807497497 681.603934370653 0 255 255 255
254.32241623903747 554.453787886278 0 255 255 255
201.39919846559997 710.614676558153 0 255 255 255
132.73220627809997 673.127127730028 0 255 255 255
421.90420334841247 837.143485151903 0 255 255 255
220.84487717653747 708.660330855028 0 255 255 255
161.81435959841247 794.116629683153 0 255 255 255
156.75454514528747 612.697928511278 0 255 255 255
144.54836838747497 589.017020308153 0 255 255 255
361.04470627809997 758.137137495653 0 255 255 255
149.64980881716247 742.760916792528 0 255 255 255
184.79983323122497 257.68071659721545 0 255 255 255
144.54836838747497 589.017020308153 0 255 255 255
