483.72823800288097 431.1280889828663 0 255 255 255
556.764370815381 710.2247686703663 0 255 255 255
560.374722377881 657.9997930844288 0 255 255 255
522.990445034131 829.1565313656788 0 255 255 255
470.61056222163097 117.2373419125538 0 255 255 255
292.25265206538097 328.0123663266163 0 255 255 255
338.80489815913097 444.4493780453663 0 255 255 255
590.200894252881 693.3778448422413 0 255 255 255
338.80489815913097 444.4493780453663 0 255 255 255
458.05148019038097 546.7117071469288 0 255 255 255
571.443081752881 377.2836065609913 0 255 255 255
447.95284737788097 501.3762579281788 0 255 255 255
483.72823800288097 431.1280889828663 0 255 255 255
447.95284737788097 501.3762579281788 0 255 255 255
422.88546456538097 553.6329717953663 0 255 255 255
500.88107003413097 644.4369268734913 0 255 255 255
334.78292550288097 359.3005743344288 0 255 255 255
542.585171596631 808.1313848813038 0 255 255 255
605.609585659131 727.7621221859913 0 255 255 255
557.360073940381 411.1826544125538 0 255 255 255
583.912320034131 415.0798712094288 0 255 255 255
495.65353097163097 790.9919805844288 0 255 255 255
551.375210659131 317.5084600766163 0 255 255 255
566.474331752881 749.9901495297413 0 255 255 255
290.97872628413097 403.4012823422413 0 255 255 255
563.979702846631 356.9531622250538 0 255 255 255
