624.0858489914249 299.9800496747521 0 255 255 255
656.7384368820499 310.0928426435021 0 255 255 255
266.8718597336124 506.6045613935021 0 255 255 255
648.6623870773624 335.0757527997521 0 255 255 255
333.12472838595613 453.3198934247521 0 255 255 255
556.6954681320499 335.0601277997521 0 255 255 255
211.84170836642488 630.4068074872521 0 255 255 255
294.53671569064363 566.2700887372521 0 255 255 255
333.12472838595613 453.3198934247521 0 255 255 255
566.4874603195499 591.4912801435021 0 255 255 255
624.0858489914249 299.9800496747521 0 255 255 255
485.6488372726749 362.5601277997521 0 255 255 255
701.6030609054874 254.76960045600208 0 255 255 255
510.2142669601749 408.1572957685021 0 255 255 255
633.1810638351749 237.15973717475208 0 255 255 255
510.2142669601749 408.1572957685021 0 255 255 255
294.53671569064363 566.2700887372521 0 255 255 255
611.1693450851749 328.6236043622521 0 255 255 255
532.0250579757999 345.8296590497521 0 255 255 255
630.9906341476749 352.1485067060021 0 255 255 255
205.91800231173738 487.1128621747521 0 255 255 255
