678.318701205756 238.7680480574395 0 255 255 255
652.068945346381 240.112652549627 0 255 255 255
116.57333987763104 176.2822082136895 0 255 255 255
774.505957065131 342.7841613386895 0 255 255 255
738.004003940131 477.404888877752 0 255 255 255
632.410009799506 333.283062705877 0 255 255 255
354.01157229950604 75.5966613386895 0 255 255 255
833.777685580756 448.901226768377 0 255 255 255
643.032080112006 460.1996886824395 0 255 255 255
824.857031283881 338.9880187605645 0 255 255 255
597.703710971381 360.173199424627 0 255 255 255
559.581396518256 393.2800109480645 0 255 255 255
328.59775394013104 355.9701964949395 0 255 255 255
885.410742221381 225.8054015730645 0 255 255 255
388.70566409638104 396.452008018377 0 255 255 255
558.498388705756 342.2892882918145 0 255 255 255
704.460302768256 349.906842002752 0 255 255 255
559.581396518256 393.2800109480645 0 255 255 255
112.86118167450604 193.792584190252 0 255 255 255
632.410009799506 333.283062705877 0 255 255 255
563.785009799506 212.158550987127 0 255 255 255
830.905859408881 477.601666221502 0 255 255 255
567.523779330756 138.136822471502 0 255 255 255
916.917578158881 486.736187705877 0 255 255 255
626.406835971381 158.8483703230645 0 255 255 255
641.859960971381 355.5871398543145 0 255 255 255
649.140478549506 185.5209777449395 0 255 255 255
355.79770511200604 331.714459190252 0 255 255 255
558.498388705756 342.2892882918145 0 255 255 255
555.720800815131 251.9335754011895 0 255 255 255
839.424902377631 401.1108214949395 0 255 255 255
681.865820346381 387.315045127752 0 255 255 255
155.59165042450604 155.996929893377 0 255 255 255
775.715673862006 481.6852843855645 0 255 255 255
239.07895511200604 112.520855674627 0 255 255 255
880.359960971381 443.202740440252 0 255 255 255
148.99448245575604 177.235699424627 0 255 255 255
