705.3861851333245 287.51899723020233 0 255 255 255
289.11207624660574 485.22822574582733 0 255 255 255
357.955399000512 431.71553043332733 0 255 255 255
382.13136335598074 374.00898746457733 0 255 255 255
639.2152866958245 513.8395538708273 0 255 255 255
598.9159702895745 312.26435855832733 0 255 255 255
222.706131422387 606.7707062145773 0 255 255 255
357.955399000512 431.71553043332733 0 255 255 255
600.534500563012 559.6051788708273 0 255 255 255
671.492264234887 276.72724918332733 0 255 255 255
522.7267002700432 341.16450504270233 0 255 255 255
598.9159702895745 312.26435855832733 0 255 255 255
329.23817487941824 505.52265933957733 0 255 255 255
329.23817487941824 505.52265933957733 0 255 255 255
754.304764234887 228.57002262082733 0 255 255 255
547.2716831801995 383.96699527707733 0 255 255 255
684.942459547387 214.33760074582733 0 255 255 255
547.2716831801995 383.96699527707733 0 255 255 255
313.9406284926995 540.5878448864523 0 255 255 255
571.6479038833245 324.49971012082733 0 255 255 255
677.1845249770745 328.05488590207733 0 255 255 255
227.16029402004324 466.57026676145233 0 255 255 255
602.220779859887 535.9909210583273 0 255 255 255
