604.4929576927216 292.2550742093108 0 255 255 255
604.4929576927216 292.2550742093108 0 255 255 255
265.3061290794403 489.0836874905608 0 255 255 255
627.3736949974091 329.4030234280608 0 255 255 255
325.5773082786591 439.2677695218108 0 255 255 255
538.8363414817841 328.0685507718108 0 255 255 255
211.42411003647157 612.0812460843108 0 255 255 255
290.3476940208466 550.0294882718108 0 255 255 255
325.5773082786591 439.2677695218108 0 255 255 255
551.4141002708466 582.3385703030608 0 255 255 255
470.6459117942841 353.4757773343108 0 255 255 255
677.6711803489716 252.7296835843108 0 255 255 255
495.1157604270966 399.8029257718108 0 255 255 255
495.1157604270966 399.8029257718108 0 255 255 255
290.3476940208466 550.0294882718108 0 255 255 255
591.2290416770966 322.4542929593108 0 255 255 255
514.9873424583466 338.2306601468108 0 255 255 255
610.7556530052216 345.8844687405608 0 255 255 255
204.49344597397157 469.0866171780608 0 255 255 255
552.0974498802216 559.8356406155608 0 255 255 255
