621.9415973985379 495.0869256142155 0 255 255 255
196.43134349228785 342.8159295204655 0 255 255 255
354.46259349228785 459.9170037392155 0 255 255 255
336.49335521103785 319.0293084267155 0 255 255 255
509.21405833603785 439.7666131142155 0 255 255 255
302.61298411728785 474.5007439735905 0 255 255 255
536.8292927110379 405.9577752235905 0 255 255 255
305.88007396103785 354.6670037392155 0 255 255 255
824.4694294297879 356.2553826454655 0 255 255 255
742.4210895860379 326.9878045204655 0 255 255 255
587.4938434922879 415.6982537392155 0 255 255 255
420.32050364853785 442.0051385048405 0 255 255 255
587.4938434922879 415.6982537392155 0 255 255 255
562.1168903672879 365.5527459267155 0 255 255 255
311.04364817978785 426.8908806923405 0 255 255 255
509.21405833603785 439.7666131142155 0 255 255 255
246.64228099228785 368.5830193642155 0 255 255 255
256.04608958603785 481.0153924110905 0 255 255 255
345.81122630478785 344.3498650673405 0 255 255 255
632.4191364610379 544.2439080360905 0 255 255 255
196.43134349228785 342.8159295204655 0 255 255 255
765.8561481797879 372.7780877235905 0 255 255 255
238.03681224228785 339.9734002235905 0 255 255 255
317.28095286728785 433.6096306923405 0 255 255 255
271.15448802353785 424.8032342079655 0 255 255 255
431.33417552353785 399.2028924110905 0 255 255 255
1091.9210895860379 518.3601189735905 0 255 255 255
294.80634349228785 323.3462029579655 0 255 255 255
204.80585521103785 382.5683709267155 0 255 255 255
1094.5495075547879 496.6545525673405 0 255 255 255
