789.5774803838422 313.3520070042873 0 255 255 255
743.6282616338422 216.75459489491232 0 255 255 255
714.4314842900922 219.99556169178732 0 255 255 255
805.4073143682172 350.1469288792873 0 255 255 255
606.5718651494672 234.58613786366232 0 255 255 255
862.6053124150922 306.6554738011623 0 255 255 255
838.0489159307172 435.2970753636623 0 255 255 255
770.1551171025922 391.9762745824123 0 255 255 255
358.98373038384216 94.33662614491232 0 255 255 255
940.0808983525922 400.0568409886623 0 255 255 255
666.9766503057172 336.3134327855373 0 255 255 255
937.6160546025922 351.6877003636623 0 255 255 255
173.49496085259216 185.86543473866232 0 255 255 255
972.5359764775922 190.18916520741232 0 255 255 255
619.4068260869672 323.2924366917873 0 255 255 255
626.8787499150922 367.5719777074123 0 255 255 255
612.4043846807172 205.84980973866232 0 255 255 255
891.7337303838422 331.0287648167873 0 255 255 255
606.2015038213422 131.79536637928732 0 255 255 255
1035.7388573369672 431.6901417699123 0 255 255 255
919.2542381963422 298.4904347386623 0 255 255 255
343.88241202446716 410.8263722386623 0 255 255 255
626.8787499150922 367.5719777074123 0 255 255 255
676.2100487432172 147.36543473866232 0 255 255 255
717.0826073369672 324.5876027074123 0 255 255 255
147.33163077446716 178.41011247303732 0 255 255 255
652.5940819463422 142.69014176991232 0 255 255 255
880.8477440557172 434.0209523167873 0 255 255 255
