471.14358929479477 253.61344822664842 0 255 255 255
678.7608988651073 337.4159079434453 0 255 255 255
554.2445414432323 321.6294394375859 0 255 255 255
257.51626995885727 53.22197636385545 0 255 255 255
593.8658793338573 456.46076878328904 0 255 255 255
721.8490336307323 336.8758688809453 0 255 255 255
527.8580668338573 349.04991062899217 0 255 255 255
706.3800394901073 450.2755576016484 0 255 255 255
502.93619183385727 383.9736472012578 0 255 255 255
508.44864300573227 144.55224522371873 0 255 255 255
489.51724652135727 327.73557957430467 0 255 255 255
623.3153422244823 345.17549046297654 0 255 255 255
693.6859476932323 312.5132285000859 0 255 255 255
471.14358929479477 253.61344822664842 0 255 255 255
489.51724652135727 327.73557957430467 0 255 255 255
502.93619183385727 383.9736472012578 0 255 255 255
616.8168070682323 379.85566624422654 0 255 255 255
80.63223675573227 166.4090720059453 0 255 255 255
711.3006937869823 380.8025046231328 0 255 255 255
462.33121136510727 218.50930699129685 0 255 255 255
462.33121136510727 218.50930699129685 0 255 255 255
554.2445414432323 321.6294394375859 0 255 255 255
672.1134379276073 451.3737936856328 0 255 255 255
466.79459027135727 202.08393772860154 0 255 255 255
453.79141644323227 121.64138706942185 0 255 255 255
488.75894574010727 136.80158909578904 0 255 255 255
106.59231976354477 147.95815953035935 0 255 255 255
