126.95337643680068 161.02781005627503 0 255 255 255
711.1440502649257 343.9101953101813 0 255 255 255
584.5146557336757 328.0934228492438 0 255 255 255
348.3015209680507 59.62204833752503 0 255 255 255
760.0717846399257 451.4346093726813 0 255 255 255
585.0722729211757 461.4224023414313 0 255 255 255
686.3227612024257 326.3663720679938 0 255 255 255
757.6460033899257 337.8555078101813 0 255 255 255
551.7485424524257 354.4830712867438 0 255 255 255
516.1152416711757 337.2236718726813 0 255 255 255
734.8969799524257 317.1428613258063 0 255 255 255
626.9834057336757 383.9984521461188 0 255 255 255
123.23902096805068 177.20603271252503 0 255 255 255
732.8974682336757 384.9211816383063 0 255 255 255
760.7182690149257 451.2251367164313 0 255 255 255
536.5400463586757 127.99839111096253 0 255 255 255
834.1098705774257 488.5068749976813 0 255 255 255
589.2666088586757 150.26322265393128 0 255 255 255
590.2128979211757 354.6861962867438 0 255 255 255
525.8139721399257 200.80881591565003 0 255 255 255
605.4487377649257 176.71036620861878 0 255 255 255
516.1152416711757 337.2236718726813 0 255 255 255
519.6377026086757 242.33036132580628 0 255 255 255
769.8715893274257 405.6859521461188 0 255 255 255
162.84302487430068 140.87882323986878 0 255 255 255
705.8584057336757 481.1826562476813 0 255 255 255
801.4101635461757 445.8256005836188 0 255 255 255
156.77173581180068 159.77909179455628 0 255 255 255
