715.0030469599437 387.0474818504774 0 255 255 255
512.2656202021312 259.3847621239149 0 255 255 255
885.5173291865062 483.8980677879774 0 255 255 255
748.4162549677562 339.5888026512587 0 255 255 255
759.1461133661937 477.0859339989149 0 255 255 255
610.2021436396312 328.6469081200087 0 255 255 255
255.89086434275623 65.54113419422742 0 255 255 255
665.8349561396312 458.9534877098524 0 255 255 255
795.6144971552562 335.6243861473524 0 255 255 255
582.1977491083812 355.4971888817274 0 255 255 255
558.9830274286937 390.3571742332899 0 255 255 255
542.5151319208812 150.36486466297742 0 255 255 255
538.8569287958812 336.3447230614149 0 255 255 255
690.6042432490062 345.4392665184462 0 255 255 255
763.2914991083812 313.8952601707899 0 255 255 255
512.2656202021312 259.3847621239149 0 255 255 255
538.8569287958812 336.3447230614149 0 255 255 255
558.9830274286937 390.3571742332899 0 255 255 255
71.96325203806873 183.06066544422742 0 255 255 255
786.9780225458812 379.8456996239149 0 255 255 255
500.36510750681873 227.81109269032117 0 255 255 255
500.36510750681873 227.81109269032117 0 255 255 255
610.2021436396312 328.6469081200087 0 255 255 255
328.56151863963123 345.2502406395399 0 255 255 255
844.6447705927562 446.8478968895399 0 255 255 255
838.5031690302562 341.9895594871962 0 255 255 255
559.0727491083812 179.00341446766492 0 255 255 255
759.1461133661937 477.0859339989149 0 255 255 255
796.8743848505687 480.8079798973524 0 255 255 255
760.6822461786937 396.0192836082899 0 255 255 255
885.5173291865062 483.8980677879774 0 255 255 255
847.2779493036937 477.0207484520399 0 255 255 255
480.43114754588123 129.13506729969617 0 255 255 255
824.6787061396312 389.2980922020399 0 255 255 255
103.62786385447498 146.76952774891492 0 255 255 255
520.2906446161937 143.32110245594617 0 255 255 255
99.99035164744373 164.17724259266492 0 255 255 255
