869.2956977695831 238.92028668120656 0 255 255 255
823.0622993320831 381.87951519683156 0 255 255 255
916.5681587070831 371.96740582183156 0 255 255 255
321.28837355083306 181.54455425933156 0 255 255 255
911.9504829258331 341.78112652495656 0 255 255 255
627.7620063633331 84.95422222808156 0 255 255 255
915.5027290195831 442.97253277495656 0 255 255 255
403.63017042583306 169.25622418120656 0 255 255 255
671.3889594883331 391.88146832183156 0 255 255 255
697.1897407383331 342.55041363433156 0 255 255 255
842.3289008945831 473.41052105620656 0 255 255 255
913.2781196445831 464.07263043120656 0 255 255 255
320.78446730083306 402.40881207183156 0 255 255 255
316.73417433208306 201.95788433745656 0 255 255 255
390.13065870708306 415.70788433745656 0 255 255 255
866.3992133945831 186.77404644683156 0 255 255 255
949.3074165195831 397.52038433745656 0 255 255 255
748.6116157383331 238.12341168120656 0 255 255 255
697.1897407383331 342.55041363433156 0 255 255 255
370.74979933208306 160.41931011870656 0 255 255 255
295.53104933208306 438.45666363433156 0 255 255 255
320.78446730083306 402.40881207183156 0 255 255 255
488.93876417583306 400.37292339995656 0 255 255 255
390.13065870708306 415.70788433745656 0 255 255 255
186.71708448833306 474.68200543120656 0 255 255 255
284.08964308208306 500.24426129058156 0 255 255 255
748.6116157383331 238.12341168120656 0 255 255 255
840.2576118320831 240.36022808745656 0 255 255 255
973.1101508945831 439.27697613433156 0 255 255 255
364.28983839458306 183.48034527495656 0 255 255 255
