315.2475305713697 447.23624706977057 0 255 255 255
929.5644251026197 238.24790478461432 0 255 255 255
991.1694055713697 417.81852246039557 0 255 255 255
172.93600713386968 369.46305371039557 0 255 255 255
484.9596887744947 484.35502148383307 0 255 255 255
861.5517297901197 256.9426069330518 0 255 255 255
383.7443567432447 556.0350751947706 0 255 255 255
711.1467004932447 573.2534589838331 0 255 255 255
436.3134485401197 396.98112011664557 0 255 255 255
171.70260869636968 435.30472851508307 0 255 255 255
190.09494268074468 485.67753124945807 0 255 255 255
310.7411829151197 412.03446484320807 0 255 255 255
479.6354700244947 335.27237988227057 0 255 255 255
117.61667119636968 600.8868818353956 0 255 255 255
369.1630579151197 582.0049238275831 0 255 255 255
242.98263799324468 345.10135937445807 0 255 255 255
172.93600713386968 369.46305371039557 0 255 255 255
217.67355596199468 446.39005566352057 0 255 255 255
547.9211145557447 231.74375439398932 0 255 255 255
83.55417119636968 374.92093945258307 0 255 255 255
777.4555383838697 256.0868940424268 0 255 255 255
481.6191126026197 359.04557324164557 0 255 255 255
674.9872766651197 326.59647656195807 0 255 255 255
482.8342004932447 516.5333662103956 0 255 255 255
171.70260869636968 435.30472851508307 0 255 255 255
947.7309290088697 447.23527050727057 0 255 255 255
242.98263799324468 345.10135937445807 0 255 255 255
484.9596887744947 484.35502148383307 0 255 255 255
867.7924524463697 209.55124951117682 0 255 255 255
777.4555383838697 256.0868940424268 0 255 255 255
949.9931360401197 420.67142773383307 0 255 255 255
