313.322682415665 541.1225345417631 0 255 255 255
167.90300468128999 425.6718509480131 0 255 255 255
282.237233196915 405.0812747761381 0 255 255 255
869.647389446915 480.4299075886381 0 255 255 255
160.61272147816499 351.1547611042631 0 255 255 255
221.07414725941499 460.0397708698881 0 255 255 255
626.76091483754 629.5910404011381 0 255 255 255
168.30388358753999 370.4201419636381 0 255 255 255
175.78801444691499 475.2604739948881 0 255 255 255
802.486744915665 507.1584232136381 0 255 255 255
430.71111015004 413.9421146198881 0 255 255 255
291.56950858754 439.5153568073881 0 255 255 255
223.30583671253999 327.0365970417631 0 255 255 255
160.61272147816499 351.1547611042631 0 255 255 255
431.536549603165 365.5199954792631 0 255 255 255
869.845143353165 459.3730228230131 0 255 255 255
201.09734061878999 434.1794193073881 0 255 255 255
419.83806327504 614.7956302448881 0 255 255 255
819.44353202504 267.0165775105131 0 255 255 255
688.59880546254 284.2131107136381 0 255 255 255
431.536549603165 365.5199954792631 0 255 255 255
341.165944134415 585.2778079792631 0 255 255 255
634.597096478165 377.2223880573881 0 255 255 255
160.21135429066499 418.5146243855131 0 255 255 255
430.71111015004 413.9421146198881 0 255 255 255
160.21135429066499 418.5146243855131 0 255 255 255
831.664479290665 508.4518802448881 0 255 255 255
223.30583671253999 327.0365970417631 0 255 255 255
761.79265311879 284.2709720417631 0 255 255 255
453.121510540665 386.3317630573881 0 255 255 255
833.29802421254 484.1713626667631 0 255 255 255
