594.1126326045523 1160.7254852795145 0 255 255 255
605.3914411983023 938.8695282482645 0 255 255 255
618.8172224483023 1051.3158173107645 0 255 255 255
478.43148026080235 266.3382782482645 0 255 255 255
578.6463240108023 882.8607391857645 0 255 255 255
347.77327713580235 569.7520966076395 0 255 255 255
609.0506208858023 623.3678192638895 0 255 255 255
736.6375349483023 964.3968719982645 0 255 255 255
623.2088240108023 671.4300751232645 0 255 255 255
719.5808943233023 937.4779266857645 0 255 255 255
470.61849197955235 701.4068817638895 0 255 255 255
448.78011307330235 744.0680145763895 0 255 255 255
333.19173416705235 473.7503876232645 0 255 255 255
350.81136307330235 778.6534637951395 0 255 255 255
583.5931013545523 542.3724579357645 0 255 255 255
568.3836286983023 696.6776337170145 0 255 255 255
603.4344099483023 749.0050262951395 0 255 255 255
645.2610701045523 1001.3333954357645 0 255 255 255
289.98665604205235 499.2894501232645 0 255 255 255
335.76839432330235 139.7955536388895 0 255 255 255
599.8821638545523 596.1031708263895 0 255 255 255
538.1038435420523 1062.0379852795145 0 255 255 255
603.4344099483023 749.0050262951395 0 255 255 255
