24
-2.34029 2.23589 3.52756 255 255 255
-2.00502 2.04208 3.52097 255 255 255
-2.33012 2.23028 3.52929 255 255 255
-2.23308 2.17549 3.52968 255 255 255
-2.21201 2.16272 3.52759 255 255 255
-2.17386 2.13956 3.52519 255 255 255
-2.00642 2.04124 3.51755 255 255 255
-2.10479 2.09904 3.5215 255 255 255
-2.08522 2.08838 3.52217 255 255 255
-2.14442 2.12319 3.52641 255 255 255
-2.18393 2.14517 3.52544 255 255 255
-2.2818 2.20192 3.52503 255 255 255
-2.30146 2.21339 3.5279 255 255 255
-2.15483 2.12784 3.5241 255 255 255
-2.115 2.10458 3.52129 255 255 255
-2.01675 2.04726 3.51885 255 255 255
-2.13469 2.117 3.52527 255 255 255
-2.20348 2.15728 3.52724 255 255 255
-2.24263 2.18004 3.52778 255 255 255
-2.29177 2.20726 3.52623 255 255 255
-2.31174 2.21996 3.52783 255 255 255
-2.25328 2.1854 3.52728 255 255 255
-2.02643 2.05279 3.51667 255 255 255
-2.35112 2.2419 3.52825 255 255 255
