33
-2.25915 2.30796 3.5852 255 255 255
-2.29686 2.23688 3.53132 255 255 255
-2.24809 2.20818 3.53273 255 255 255
-2.03816 2.14155 3.55438 255 255 255
-2.21906 2.19136 3.5305 255 255 255
-2.0822 2.11283 3.52493 255 255 255
-2.28406 2.25575 3.5485 255 255 255
-2.24605 2.36637 3.62076 255 255 255
-2.26648 2.39046 3.6306 255 255 255
-2.31152 2.32682 3.5739 255 255 255
-2.327 2.25401 3.531 255 255 255
-2.33693 2.26117 3.52796 255 255 255
-2.22831 2.19764 3.52902 255 255 255
-2.30697 2.24342 3.53023 255 255 255
-2.26719 2.37939 3.6209 255 255 255
-2.13966 2.14661 3.52604 255 255 255
-2.22684 2.20996 3.53771 255 255 255
-2.25952 2.30658 3.58919 255 255 255
-2.25445 2.40226 3.62778 255 255 255
-2.26646 2.38013 3.61895 255 255 255
-2.20876 2.18638 3.52879 255 255 255
-2.3535 2.29674 3.53424 255 255 255
-2.24444 2.39164 3.63571 255 255 255
-2.3251 2.26844 3.53803 255 255 255
-2.28312 2.2596 3.54118 255 255 255
-1.94195 2.16352 3.60105 255 255 255
-2.37038 2.27029 3.51313 255 255 255
-2.26679 2.36511 3.61368 255 255 255
-2.27796 2.35821 3.60647 255 255 255
-1.89435 2.1881 3.61458 255 255 255
-1.94611 2.10227 3.55157 255 255 255
-1.94195 2.16352 3.60105 255 255 255
-2.31804 2.25022 3.52976 255 255 255
