18
-2.34029 2.23589 3.52756 255 255 255
-2.00502 2.04208 3.52097 255 255 255
-1.95369 2.10019 3.56111 255 255 255
-2.00642 2.04124 3.51755 255 255 255
-2.10479 2.09904 3.5215 255 255 255
-2.08522 2.08838 3.52217 255 255 255
-2.2818 2.20192 3.52503 255 255 255
-2.15483 2.12784 3.5241 255 255 255
-2.115 2.10458 3.52129 255 255 255
-2.01675 2.04726 3.51885 255 255 255
-2.13469 2.117 3.52527 255 255 255
-2.29177 2.20726 3.52623 255 255 255
-2.31174 2.21996 3.52783 255 255 255
-2.25328 2.1854 3.52728 255 255 255
-2.02643 2.05279 3.51667 255 255 255
-2.36581 2.27058 3.50989 255 255 255
-2.35516 2.29665 3.53027 255 255 255
-2.37038 2.27029 3.51313 255 255 255
