39
-2.29686 2.23688 3.53132 255 255 255
-2.24809 2.20818 3.53273 255 255 255
-2.21906 2.19136 3.5305 255 255 255
-1.92905 2.13951 3.57918 255 255 255
-2.07252 2.10437 3.53711 255 255 255
-2.28406 2.25575 3.5485 255 255 255
-2.33588 2.2897 3.54371 255 255 255
-2.04961 2.12135 3.54591 255 255 255
-2.30407 2.28341 3.55153 255 255 255
-1.94381 2.15599 3.58791 255 255 255
-2.04961 2.12135 3.54591 255 255 255
-2.29269 2.29003 3.5592 255 255 255
-2.24605 2.36637 3.62076 255 255 255
-2.26648 2.39046 3.6306 255 255 255
-2.31152 2.32682 3.5739 255 255 255
-2.27772 2.38524 3.61638 255 255 255
-2.327 2.25401 3.531 255 255 255
-2.31202 2.31414 3.5669 255 255 255
-2.23 2.32957 3.60784 255 255 255
-2.22831 2.19764 3.52902 255 255 255
-2.30697 2.24342 3.53023 255 255 255
-2.00239 2.06562 3.53374 255 255 255
-2.01328 2.07012 3.53668 255 255 255
-2.03251 2.08388 3.5322 255 255 255
-2.04406 2.08749 3.5366 255 255 255
-2.13508 2.34227 3.63881 255 255 255
-2.26719 2.37939 3.6209 255 255 255
-2.08328 2.11064 3.53663 255 255 255
-1.91558 2.15067 3.58935 255 255 255
-2.05472 2.09474 3.53418 255 255 255
-2.12869 2.16397 3.55367 255 255 255
-2.20876 2.18638 3.52879 255 255 255
-2.24444 2.39164 3.63571 255 255 255
-2.3251 2.26844 3.53803 255 255 255
-2.28312 2.2596 3.54118 255 255 255
-2.26679 2.36511 3.61368 255 255 255
-2.27796 2.35821 3.60647 255 255 255
-2.32331 2.30823 3.55963 255 255 255
-2.31804 2.25022 3.52976 255 255 255
