31
-2.29686 2.23688 3.53132 255 255 255
-2.03816 2.14155 3.55438 255 255 255
-2.21906 2.19136 3.5305 255 255 255
-1.89411 2.18687 3.62093 255 255 255
-2.07252 2.10437 3.53711 255 255 255
-2.15667 2.1837 3.54125 255 255 255
-2.32403 2.29593 3.54565 255 255 255
-2.29269 2.29003 3.5592 255 255 255
-2.26648 2.39046 3.6306 255 255 255
-2.31152 2.32682 3.5739 255 255 255
-2.34854 2.26713 3.53105 255 255 255
-2.27772 2.38524 3.61638 255 255 255
-2.327 2.25401 3.531 255 255 255
-2.33693 2.26117 3.52796 255 255 255
-2.31202 2.31414 3.5669 255 255 255
-2.22831 2.19764 3.52902 255 255 255
-2.30697 2.24342 3.53023 255 255 255
-2.01328 2.07012 3.53668 255 255 255
-2.04406 2.08749 3.5366 255 255 255
-2.2977 2.3898 3.6032 255 255 255
-2.08328 2.11064 3.53663 255 255 255
-2.13966 2.14661 3.52604 255 255 255
-1.98823 2.25526 3.63828 255 255 255
-2.32924 2.27942 3.56104 255 255 255
-2.22684 2.20996 3.53771 255 255 255
-1.91558 2.15067 3.58935 255 255 255
-2.05472 2.09474 3.53418 255 255 255
-2.3251 2.26844 3.53803 255 255 255
-2.26679 2.36511 3.61368 255 255 255
-1.94611 2.10227 3.55157 255 255 255
-2.32331 2.30823 3.55963 255 255 255
