23
-2.34639 2.28914 3.53678 255 255 255
-1.90145 2.16872 3.60238 255 255 255
-2.35113 2.29608 3.5284 255 255 255
-2.03816 2.14155 3.55438 255 255 255
-2.0822 2.11283 3.52493 255 255 255
-2.3603 2.2682 3.52369 255 255 255
-2.30673 2.3733 3.59261 255 255 255
-1.89264 2.1674 3.61106 255 255 255
-1.94427 2.10164 3.54716 255 255 255
-2.3408 2.31423 3.54407 255 255 255
-1.92731 2.12863 3.56817 255 255 255
-2.33144 2.32961 3.55646 255 255 255
-2.34854 2.26713 3.53105 255 255 255
-2.27772 2.38524 3.61638 255 255 255
-2.327 2.25401 3.531 255 255 255
-1.91602 2.14859 3.58639 255 255 255
-2.33693 2.26117 3.52796 255 255 255
-2.3116 2.32678 3.57199 255 255 255
-2.37146 2.26876 3.5134 255 255 255
-2.22831 2.19764 3.52902 255 255 255
-2.30697 2.24342 3.53023 255 255 255
-1.94195 2.16352 3.60105 255 255 255
-1.94195 2.16352 3.60105 255 255 255
