29
-2.03816 2.14155 3.55438 255 255 255
-1.89411 2.18687 3.62093 255 255 255
-2.33588 2.2897 3.54371 255 255 255
-2.04961 2.12135 3.54591 255 255 255
-2.30407 2.28341 3.55153 255 255 255
-2.24744 2.20975 3.52838 255 255 255
-2.15667 2.1837 3.54125 255 255 255
-2.04961 2.12135 3.54591 255 255 255
-2.29269 2.29003 3.5592 255 255 255
-2.24605 2.36637 3.62076 255 255 255
-2.26648 2.39046 3.6306 255 255 255
-2.31152 2.32682 3.5739 255 255 255
-2.27772 2.38524 3.61638 255 255 255
-2.33693 2.26117 3.52796 255 255 255
-2.31202 2.31414 3.5669 255 255 255
-2.23 2.32957 3.60784 255 255 255
-2.22831 2.19764 3.52902 255 255 255
-2.30697 2.24342 3.53023 255 255 255
-1.98823 2.25526 3.63828 255 255 255
-2.35112 2.2419 3.52825 255 255 255
-2.20876 2.18638 3.52879 255 255 255
-2.3535 2.29674 3.53424 255 255 255
-2.24444 2.39164 3.63571 255 255 255
-2.3251 2.26844 3.53803 255 255 255
-2.37038 2.27029 3.51313 255 255 255
-2.26679 2.36511 3.61368 255 255 255
-2.27796 2.35821 3.60647 255 255 255
-1.94611 2.10227 3.55157 255 255 255
-2.32331 2.30823 3.55963 255 255 255
