21
-2.34639 2.28914 3.53678 255 255 255
-2.35113 2.29608 3.5284 255 255 255
-2.30872 2.3171 3.57049 255 255 255
-1.92905 2.13951 3.57918 255 255 255
-2.3603 2.2682 3.52369 255 255 255
-2.31642 2.33751 3.57335 255 255 255
-2.32403 2.29593 3.54565 255 255 255
-2.36662 2.25806 3.52462 255 255 255
-1.94427 2.10164 3.54716 255 255 255
-2.3408 2.31423 3.54407 255 255 255
-1.92731 2.12863 3.56817 255 255 255
-2.27772 2.38524 3.61638 255 255 255
-1.91602 2.14859 3.58639 255 255 255
-2.33693 2.26117 3.52796 255 255 255
-2.3116 2.32678 3.57199 255 255 255
-2.35208 2.28026 3.53053 255 255 255
-2.37146 2.26876 3.5134 255 255 255
-2.13485 2.34124 3.63911 255 255 255
-2.34173 2.30034 3.54834 255 255 255
-2.35112 2.2419 3.52825 255 255 255
-2.26679 2.36511 3.61368 255 255 255
