21
-2.25915 2.30796 3.5852 255 255 255
-2.29686 2.23688 3.53132 255 255 255
-2.03816 2.14155 3.55438 255 255 255
-2.0822 2.11283 3.52493 255 255 255
-1.94381 2.15599 3.58791 255 255 255
-2.25804 2.39895 3.63774 255 255 255
-2.26648 2.39046 3.6306 255 255 255
-2.34854 2.26713 3.53105 255 255 255
-2.327 2.25401 3.531 255 255 255
-2.33693 2.26117 3.52796 255 255 255
-2.26467 2.42597 3.64387 255 255 255
-2.30697 2.24342 3.53023 255 255 255
-2.13508 2.34227 3.63881 255 255 255
-2.22684 2.20996 3.53771 255 255 255
-2.25952 2.30658 3.58919 255 255 255
-2.25445 2.40226 3.62778 255 255 255
-2.20876 2.18638 3.52879 255 255 255
-2.26679 2.36511 3.61368 255 255 255
-1.89435 2.1881 3.61458 255 255 255
-2.32331 2.30823 3.55963 255 255 255
-2.31804 2.25022 3.52976 255 255 255
