32
-2.32589 2.26938 3.54747 255 255 255
-2.07252 2.10437 3.53711 255 255 255
-2.04961 2.12135 3.54591 255 255 255
-1.94381 2.15599 3.58791 255 255 255
-2.04961 2.12135 3.54591 255 255 255
-2.24605 2.36637 3.62076 255 255 255
-2.25804 2.39895 3.63774 255 255 255
-2.26648 2.39046 3.6306 255 255 255
-2.26467 2.42597 3.64387 255 255 255
-2.23 2.32957 3.60784 255 255 255
-2.00239 2.06562 3.53374 255 255 255
-2.01328 2.07012 3.53668 255 255 255
-2.03251 2.08388 3.5322 255 255 255
-2.04406 2.08749 3.5366 255 255 255
-2.13508 2.34227 3.63881 255 255 255
-2.26719 2.37939 3.6209 255 255 255
-2.2977 2.3898 3.6032 255 255 255
-2.08328 2.11064 3.53663 255 255 255
-2.29367 2.29014 3.5694 255 255 255
-1.98823 2.25526 3.63828 255 255 255
-2.32924 2.27942 3.56104 255 255 255
-2.05472 2.09474 3.53418 255 255 255
-2.12869 2.16397 3.55367 255 255 255
-2.25952 2.30658 3.58919 255 255 255
-2.25445 2.40226 3.62778 255 255 255
-2.26646 2.38013 3.61895 255 255 255
-2.24444 2.39164 3.63571 255 255 255
-1.94195 2.16352 3.60105 255 255 255
-2.26679 2.36511 3.61368 255 255 255
-2.27796 2.35821 3.60647 255 255 255
-1.94195 2.16352 3.60105 255 255 255
-2.05779 2.10768 3.52057 255 255 255
