19
-2.34639 2.28914 3.53678 255 255 255
-1.90145 2.16872 3.60238 255 255 255
-2.35113 2.29608 3.5284 255 255 255
-1.97387 2.03344 3.50807 255 255 255
-2.30673 2.3733 3.59261 255 255 255
-1.89264 2.1674 3.61106 255 255 255
-1.94427 2.10164 3.54716 255 255 255
-2.3408 2.31423 3.54407 255 255 255
-1.92731 2.12863 3.56817 255 255 255
-2.33144 2.32961 3.55646 255 255 255
-2.34854 2.26713 3.53105 255 255 255
-2.3133 2.34654 3.58487 255 255 255
-1.91602 2.14859 3.58639 255 255 255
-2.36227 2.26793 3.52275 255 255 255
-2.35208 2.28026 3.53053 255 255 255
-2.33407 2.30912 3.55234 255 255 255
-2.26467 2.42597 3.64387 255 255 255
-1.90461 2.18367 3.62954 255 255 255
-2.34173 2.30034 3.54834 255 255 255
