753.9045348799214 1017.0226395657091 0 255 255 255
678.4626403486714 1034.7714188625841 0 255 255 255
555.2570739424214 1065.8082840969591 0 255 255 255
671.0187926924214 565.1200516750841 0 255 255 255
750.6896911299214 819.8793290188341 0 255 255 255
729.0476012861714 1031.2252762844591 0 255 255 255
648.7394958174214 1084.9398758938341 0 255 255 255
535.4597106611714 1110.1249344875841 0 255 255 255
605.0056090986714 1057.2247880032091 0 255 255 255
589.4934020674214 1099.7660477688341 0 255 255 255
778.3156676924214 1059.2648270657091 0 255 255 255
420.08324581742136 157.03875284695914 0 255 255 255
651.4421325361714 1041.4022782375841 0 255 255 255
806.1135192549214 1006.0260575344591 0 255 255 255
702.5705505049214 1030.9830887844591 0 255 255 255
772.3601012861714 889.8942215969591 0 255 255 255
226.63573605179636 541.5416825344591 0 255 255 255
728.7390075361714 752.2858231594591 0 255 255 255
669.5085387861714 1058.9132645657091 0 255 255 255
799.9167419111714 982.3380692532091 0 255 255 255
471.56420284867136 140.33172159695914 0 255 255 255
