180.26535242511773 201.63112303493517 0 255 255 255
125.90274256183648 257.2763867068102 0 255 255 255
446.230745491524 630.0108837771227 0 255 255 255
402.123811897774 866.6371044802477 0 255 255 255
292.2145711751177 614.1534619021227 0 255 255 255
284.7970907063677 1073.0689892458727 0 255 255 255
352.877962288399 766.5294384646227 0 255 255 255
193.56289881183648 429.8097119021227 0 255 255 255
598.467073616524 639.2718701052477 0 255 255 255
323.225374397774 461.3114208864977 0 255 255 255
450.2924520344927 653.5638622927477 0 255 255 255
270.6200887532427 192.21986815212267 0 255 255 255
417.8038045735552 167.59743162868517 0 255 255 255
407.9059163899615 279.3313183474352 0 255 255 255
135.40878504230523 302.4736523318102 0 255 255 255
276.2628499837115 222.52968260524767 0 255 255 255
286.7267171712115 750.6107372927477 0 255 255 255
486.3761312337115 839.2132763552477 0 255 255 255
689.9410726399615 814.6219677614977 0 255 255 255
130.45773523761773 282.8043408083727 0 255 255 255
544.683626350899 984.3128857302477 0 255 255 255
179.38168543293023 358.9093212771227 0 255 255 255
267.520540413399 335.2529492068102 0 255 255 255
175.92917078449273 518.9196972536852 0 255 255 255
360.4388753743365 970.3243603396227 0 255 255 255
185.29721277668023 571.2569775271227 0 255 255 255
204.51004236652398 665.2352490114977 0 255 255 255
606.432405647774 686.8888134646227 0 255 255 255
284.7970907063677 1073.0689892458727 0 255 255 255
237.63485926105523 833.5453076052477 0 255 255 255
246.18136805011773 880.5526318239977 0 255 255 255
228.73819178058648 786.0357861208727 0 255 255 255
369.2824422688677 1021.6891064333727 0 255 255 255
218.14743250324273 736.4789013552477 0 255 255 255
199.67837732746148 640.7437939333727 0 255 255 255
249.46005457355523 237.85512205837267 0 255 255 255
153.42813318683648 400.3973583864977 0 255 255 255
257.3014852376177 765.9122509646227 0 255 255 255
211.22751062824273 191.47243162868517 0 255 255 255
374.4701253743365 1043.6270947146227 0 255 255 255
513.384065804024 111.07460448024767 0 255 255 255
303.4295980305865 142.37648436306017 0 255 255 255
439.7491170735552 125.56850096462267 0 255 255 255
482.8939534993365 816.7364697146227 0 255 255 255
144.10074060871148 353.8291210818102 0 255 255 255
257.3014852376177 765.9122509646227 0 255 255 255
358.3771688313677 174.98891112087267 0 255 255 255
215.30746668293023 711.1842236208727 0 255 255 255
286.0650350423052 912.7911572146227 0 255 255 255
233.15384119464898 807.7098583864977 0 255 255 255
372.3340780110552 133.76405760524767 0 255 255 255
674.7894613118365 1048.6695751833727 0 255 255 255
301.4759847493365 184.58339354274767 0 255 255 255
118.31241053058648 207.72084471462267 0 255 255 255
280.4268514485552 1047.2892040896227 0 255 255 255
270.2699910969927 999.5685009646227 0 255 255 255
240.65725916339898 191.18739744899767 0 255 255 255
223.53897303058648 759.9681591677477 0 255 255 255
195.85659998371148 617.3812451052477 0 255 255 255
190.40146082355523 591.7274365114977 0 255 255 255
181.22958582355523 544.4525341677477 0 255 255 255
171.34439295246148 496.4915966677477 0 255 255 255
149.00461023761773 377.8280224489977 0 255 255 255
139.78293055011773 327.4879345583727 0 255 255 255
454.7560750813677 673.8114208864977 0 255 255 255
454.7560750813677 673.8114208864977 0 255 255 255
168.26846521808648 471.5230908083727 0 255 255 255
283.1060506673052 164.74220701931017 0 255 255 255
216.65072840168023 552.0627636599352 0 255 255 255
253.88089197589898 742.4720654177477 0 255 255 255
274.5856649251177 1024.7096142458727 0 255 255 255
122.03933924152398 231.16103026149767 0 255 255 255
276.2628499837115 222.52968260524767 0 255 255 255
446.230745491524 630.0108837771227 0 255 255 255
267.9246541829302 655.3626904177477 0 255 255 255
667.4588949055865 700.3612255739977 0 255 255 255
251.35629480793023 904.7560009646227 0 255 255 255
95.61075037433648 318.0630078005602 0 255 255 255
610.7955648274615 1060.1571240114977 0 255 255 255
356.5650960774615 1106.2694286989977 0 255 255 255
407.9059163899615 279.3313183474352 0 255 255 255
193.31192224933648 273.5493359255602 0 255 255 255
350.4574300618365 447.2232861208727 0 255 255 255
323.225374397774 461.3114208864977 0 255 255 255
211.86203211261773 526.9846386599352 0 255 255 255
450.2924520344927 653.5638622927477 0 255 255 255
606.432405647774 686.8888134646227 0 255 255 255
463.4172078938677 722.7953076052477 0 255 255 255
468.0438558430865 745.4019970583727 0 255 255 255
468.0438558430865 745.4019970583727 0 255 255 255
291.943880257149 773.7745556521227 0 255 255 255
291.943880257149 773.7745556521227 0 255 255 255
486.3761312337115 839.2132763552477 0 255 255 255
276.1368734212115 862.4759716677477 0 255 255 255
527.774690804024 893.7179150271227 0 255 255 255
355.9007894368365 943.5445751833727 0 255 255 255
260.5248128743365 952.4530224489977 0 255 255 255
266.1885701985552 977.7613720583727 0 255 255 255
311.6375448079302 1114.3421826052477 0 255 255 255
706.5953695149615 1041.7623486208727 0 255 255 255
