221.71655467710752 639.7119237166094 0 255 255 255
274.4411640521075 688.7973729353594 0 255 255 255
1058.0192890521075 331.8987218123125 0 255 255 255
1042.0046406146075 555.4729100447344 0 255 255 255
209.01489452085752 557.9992161970781 0 255 255 255
185.87426952085752 422.0025120955156 0 255 255 255
319.3020038958575 681.4209080916094 0 255 255 255
807.9714374896075 171.7569981795 0 255 255 255
298.4152851458575 684.6575413923906 0 255 255 255
517.1657734271075 646.9005223494219 0 255 255 255
196.50122264585752 447.8865452986406 0 255 255 255
567.3625507708575 638.9694310408281 0 255 255 255
655.7702656146075 623.3344823103594 0 255 255 255
1042.0046406146075 555.4729100447344 0 255 255 255
814.7761249896075 595.1370946150469 0 255 255 255
857.7443867083575 587.9313451033281 0 255 255 255
769.0808124896075 602.4945775252031 0 255 255 255
462.5891132708575 430.2243138533281 0 255 255 255
994.6281757708575 476.8654271345781 0 255 255 255
720.6003437396075 611.3165990095781 0 255 255 255
632.7233906146075 626.7916356306719 0 255 255 255
408.5075703021075 665.7855931502031 0 255 255 255
1017.5539570208575 472.6516820173906 0 255 255 255
364.2536640521075 673.6597996931719 0 255 255 255
194.23559764585752 477.20484363848436 0 255 255 255
698.3127460833575 614.0209447127031 0 255 255 255
791.6213398333575 598.6577244978594 0 255 255 255
1038.9025898333575 192.93882190996874 0 255 255 255
1070.0964374896075 435.3317357283281 0 255 255 255
203.12671092710752 529.4597874861406 0 255 255 255
228.24536327085752 695.4965916853594 0 255 255 255
165.24243358335752 527.9617406111406 0 255 255 255
554.6882343646075 413.98606312090624 0 255 255 255
1017.0959492083575 558.8050633650469 0 255 255 255
972.9118671771075 567.5615941267656 0 255 255 255
743.6223163958575 607.1461888533281 0 255 255 255
610.0212421771075 630.5785619002031 0 255 255 255
586.5769062396075 635.5403538923906 0 255 255 255
542.0847187396075 642.9074803572344 0 255 255 255
496.9982929583575 650.8045140486406 0 255 255 255
385.2927265521075 669.6258031111406 0 255 255 255
339.2614765521075 677.7122899275469 0 255 255 255
666.4416523333575 393.4713841658281 0 255 255 255
666.4416523333575 393.4713841658281 0 255 255 255
472.6091328021075 653.5514622908281 0 255 255 255
250.27758983335752 692.4133397322344 0 255 255 255
696.5515156146075 191.65613758379686 0 255 255 255
327.9621601458575 715.8306981306719 0 255 255 255
1047.8166523333575 252.11902820879686 0 255 255 255
1079.3703632708575 489.9295140486406 0 255 255 255
1084.4538593646075 534.4513646345781 0 255 255 255
1032.8234882708575 159.7452794295 0 255 255 255
