99.53055277043904 325.20280696246937 0 255 255 255
502.3707322137984 1072.7206292280944 0 255 255 255
418.5743454950484 648.9696526655944 0 255 255 255
267.99640360051717 650.0912346968444 0 255 255 255
168.28885355168904 483.30949641559437 0 255 255 255
295.6763962762984 499.70012141559437 0 255 255 255
423.2152146356734 673.5638909468444 0 255 255 255
376.72198953801717 316.67106868121937 0 255 255 255
246.34064188176717 276.53727961871937 0 255 255 255
264.7339829462203 780.0421624312194 0 255 255 255
659.8945359247359 801.2413811812194 0 255 255 255
104.71390237981404 348.77360774371937 0 255 255 255
313.48831644231404 437.54338313434437 0 255 255 255
239.15082254582967 384.33146907184437 0 255 255 255
152.70959940129842 571.2057366499694 0 255 255 255
340.6535691278609 985.3285393843444 0 255 255 255
357.16180887395467 221.64323664996937 0 255 255 255
163.31778421575154 620.7318596968444 0 255 255 255
182.9047593134078 708.7264886030944 0 255 255 255
576.7343796747359 687.5436272749694 0 255 255 255
252.73138895207967 864.2523675093444 0 255 255 255
209.52664652043904 822.0760979780944 0 255 255 255
383.03448953801717 488.18498469684437 0 255 255 255
198.21521463567342 775.2860589155944 0 255 255 255
336.99994363957967 547.6620354780944 0 255 255 255
178.84784403020467 686.1007561812194 0 255 255 255
220.13452615911092 293.05046321246937 0 255 255 255
355.4558152216109 1052.9613518843444 0 255 255 255
456.96320047551717 826.1825432905944 0 255 255 255
118.85574808293904 415.47551204059437 0 255 255 255
326.19574442082967 222.65715266559437 0 255 255 255
267.28641214543904 935.9972405562194 0 255 255 255
647.0363816278609 1031.8983636030944 0 255 255 255
396.47540750676717 1100.8461175093444 0 255 255 255
338.86737528020467 178.94084407184437 0 255 255 255
270.1348618524703 236.87883235309437 0 255 255 255
269.9333542841109 197.79680110309437 0 255 255 255
402.7081345575484 581.0209221968444 0 255 255 255
210.74243631536092 250.04045344684437 0 255 255 255
203.5755356805953 797.0179925093444 0 255 255 255
174.56549539739217 664.3556389937194 0 255 255 255
168.18536844426717 640.4235100874694 0 255 255 255
158.54703226262654 594.4462151655944 0 255 255 255
147.86786356145467 550.4159417280944 0 255 255 255
124.4642075555953 439.06559993121937 0 255 255 255
427.1267136591109 688.7062249312194 0 255 255 255
427.1267136591109 688.7062249312194 0 255 255 255
144.54358377629842 525.1202874312194 0 255 255 255
193.17682352239217 599.1674065718444 0 255 255 255
232.9379624384078 777.4078850874694 0 255 255 255
246.34064188176717 276.53727961871937 0 255 255 255
418.5743454950484 648.9696526655944 0 255 255 255
245.07584085637654 693.5719475874694 0 255 255 255
636.8456467645797 693.2382073530944 0 255 255 255
233.4280747430953 932.4965081343444 0 255 255 255
71.59039774114217 381.26164485309437 0 255 255 255
584.4073533075484 1049.2294182905944 0 255 255 255
240.96231546575154 249.34294368121937 0 255 255 255
367.24469461614217 272.01970149371937 0 255 255 255
376.72198953801717 316.67106868121937 0 255 255 255
165.7605942743453 332.36467219684437 0 255 255 255
322.09146585637654 482.75456477496937 0 255 255 255
295.6763962762984 499.70012141559437 0 255 255 255
188.4017075555953 576.0514397749694 0 255 255 255
423.2152146356734 673.5638909468444 0 255 255 255
576.7343796747359 687.5436272749694 0 255 255 255
437.0610398309859 737.9457268843444 0 255 255 255
441.60907449895467 758.1942620405944 0 255 255 255
441.60907449895467 758.1942620405944 0 255 255 255
270.56094827825154 803.1359124312194 0 255 255 255
270.56094827825154 803.1359124312194 0 255 255 255
460.9019822137984 846.2321038374694 0 255 255 255
498.07123270207967 871.7052483687194 0 255 255 255
256.58084573918904 889.8407464155944 0 255 255 255
502.29926004582967 893.8292718062194 0 255 255 255
336.6095017450484 964.2638421187194 0 255 255 255
243.86255350286092 977.4388909468444 0 255 255 255
355.4558152216109 1052.9613518843444 0 255 255 255
291.37372293645467 1131.4974846968444 0 255 255 255
677.6639451044234 1021.8026604780944 0 255 255 255
