778.9724151836208 831.7366483403084 0 255 255 255
826.6574737773708 755.5611112309334 0 255 255 255
277.0502960429958 254.80598427780842 0 255 255 255
433.9746124492458 376.0359647465584 0 255 255 255
455.2543976054958 172.18049599655842 0 255 255 255
499.6054718242458 435.3809354496834 0 255 255 255
721.4001495586208 642.3858182621834 0 255 255 255
360.0266144023708 631.6343534184334 0 255 255 255
617.0334503398708 668.2593534184334 0 255 255 255
463.0605499492458 560.6702420903084 0 255 255 255
381.0698272929958 428.3638456059334 0 255 255 255
240.7714874492458 526.8169706059334 0 255 255 255
295.7182647929958 336.9031522465584 0 255 255 255
622.8461944804958 727.2608182621834 0 255 255 255
698.3557159648708 749.4241483403084 0 255 255 255
431.9807159648708 279.2378690434334 0 255 255 255
339.9345733867458 596.9026639653084 0 255 255 255
455.2543976054958 172.18049599655842 0 255 255 255
562.1311065898708 339.1338651371834 0 255 255 255
541.3251983867458 306.4263456059334 0 255 255 255
410.0681183086208 243.44343544968342 0 255 255 255
743.8361847148708 822.7300565434334 0 255 255 255
759.1208526836208 648.3011014653084 0 255 255 255
399.9721710429958 227.45759560593342 0 255 255 255
389.9401886211208 443.3357694340584 0 255 255 255
615.8742706523708 425.7051541996834 0 255 255 255
350.0666534648708 472.2923124028084 0 255 255 255
572.6191436992458 355.4053495121834 0 255 255 255
180.0334503398708 330.1001737309334 0 255 255 255
465.8056671367458 189.56990029343342 0 255 255 255
595.0583526836208 391.1219022465584 0 255 255 255
770.2678253398708 665.9788358403084 0 255 255 255
794.6110870586208 704.8936307621834 0 255 255 255
455.0761749492458 549.0132596684334 0 255 255 255
455.0761749492458 549.0132596684334 0 255 255 255
632.8557159648708 988.7097928715584 0 255 255 255
251.8078644023708 602.1973416996834 0 255 255 255
726.3645050273708 598.8723905278084 0 255 255 255
475.6867706523708 203.45686318405842 0 255 255 255
291.5764190898708 611.5437772465584 0 255 255 255
634.3439972148708 887.9607694340584 0 255 255 255
772.6320831523708 770.3550565434334 0 255 255 255
601.0080597148708 690.0960233403084 0 255 255 255
617.0334503398708 668.2593534184334 0 255 255 255
463.0605499492458 560.6702420903084 0 255 255 255
339.9345733867458 596.9026639653084 0 255 255 255
433.0439483867458 511.9400174809334 0 255 255 255
422.2563507304958 495.3875272465584 0 255 255 255
422.2563507304958 495.3875272465584 0 255 255 255
381.0698272929958 428.3638456059334 0 255 255 255
345.0493194804958 418.6909940434334 0 255 255 255
334.6186554179958 401.6231229496834 0 255 255 255
895.9309112773708 789.1990506840584 0 255 255 255
454.8259308086208 196.04719521530842 0 255 255 255
535.1909210429958 1017.2029569340584 0 255 255 255
804.2722198711208 820.9727323246834 0 255 255 255
896.0637237773708 800.2178495121834 0 255 255 255
157.7827179179958 349.0437772465584 0 255 255 255
