202.17198687093105 247.36826039527477 0 255 255 255
135.28819780843105 306.1407213327748 0 255 255 255
237.46153765218105 973.3151598093373 0 255 255 255
536.143422417806 690.5154771921498 0 255 255 255
583.098256402181 865.4871568796498 0 255 255 255
228.72618608968105 266.9250230905873 0 255 255 255
523.874135308431 895.8674059030873 0 255 255 255
89.02696733968105 295.9870958444935 0 255 255 255
143.54723101155605 365.6917467233998 0 255 255 255
369.68907671468105 610.0750475046498 0 255 255 255
369.68907671468105 610.0750475046498 0 255 255 255
386.94518023030605 138.37601186011852 0 255 255 255
478.06578569905605 914.0663805124623 0 255 255 255
94.99449663655605 253.58713246558727 0 255 255 255
245.37340288655605 953.0146226999623 0 255 255 255
469.02086382405605 140.17569447730602 0 255 255 255
178.19957476155605 252.51486684058727 0 255 255 255
344.39073687093105 946.9214830515248 0 255 255 255
230.73643999593105 994.8860826608998 0 255 255 255
233.56480913655605 188.94919301246227 0 255 255 255
97.22691851155605 244.16946889136852 0 255 255 255
549.692982964681 881.6678209421498 0 255 255 255
332.82506304280605 150.82559682105602 0 255 255 255
