170.45072993815643 173.35371610396123 0 255 255 255
280.5278783756564 168.55293485396123 0 255 255 255
217.32231196940643 181.01143094771123 0 255 255 255
347.9695287662814 177.72090360396123 0 255 255 255
227.77861079753143 879.7018606352112 0 255 255 255
97.84684810221893 891.6957571195862 0 255 255 255
370.7043920475314 181.27119657271123 0 255 255 255
182.38920650065643 153.90840360396123 0 255 255 255
232.77079829753143 160.38716336958623 0 255 255 255
520.2383275944064 911.3354055570862 0 255 255 255
304.4648900944064 207.51387235396123 0 255 255 255
83.78678950846893 140.96260282271123 0 255 255 255
253.38505611003143 142.51484891646123 0 255 255 255
256.2007299381564 163.58418485396123 0 255 255 255
394.1758275944064 899.1833059477112 0 255 255 255
161.57084712565643 150.74360868208623 0 255 255 255
110.18217525065643 144.46040555708623 0 255 255 255
135.26274165690643 146.84370633833623 0 255 255 255
308.7417455631564 150.13081571333623 0 255 255 255
321.6103979069064 174.03706571333623 0 255 255 255
61.88066157878143 139.74727079146123 0 255 255 255
66.09465083659393 115.41475126021123 0 255 255 255
132.43290767253143 122.34590360396123 0 255 255 255
404.3740697819064 204.42329618208623 0 255 255 255
