714.001927753458 997.7418063787763 0 255 255 255
538.454076190958 1038.9952243475263 0 255 255 255
407.20847072220795 174.52232395690135 0 255 255 255
514.615697284708 1040.8248141912763 0 255 255 255
833.404759784708 1009.4136813787763 0 255 255 255
709.627904315958 1024.6026462225263 0 255 255 255
809.998509784708 1015.0220798162763 0 255 255 255
637.737279315958 1054.0772555975263 0 255 255 255
632.077123065958 1032.0113376287763 0 255 255 255
728.292455097208 1022.9581149725263 0 255 255 255
757.600072284708 1020.7545016912763 0 255 255 255
664.979466815958 1002.0591891912763 0 255 255 255
785.517064472208 985.8062595037763 0 255 255 255
580.128880878458 1059.0162204412763 0 255 255 255
566.573216815958 1036.2291110662763 0 255 255 255
829.194798847208 955.1246188787763 0 255 255 255
833.187474628458 1038.1246188787763 0 255 255 255
763.660130878458 1047.6719821600263 0 255 255 255
640.269994159708 1008.5645602850263 0 255 255 255
493.76559962845795 1011.1421970037763 0 255 255 255
474.17966212845795 1019.9800876287763 0 255 255 255
783.829564472208 973.8599704412763 0 255 255 255
