845.2038784466822 227.85674191951694 0 255 255 255
898.2424526654322 329.12529660701694 0 255 255 255
858.7361050091822 274.37724973201694 0 255 255 255
919.9089565716822 396.70122434139194 0 255 255 255
151.8679409466822 336.99443723201694 0 255 255 255
868.3943081341822 232.88506223201694 0 255 255 255
884.7624721966822 281.54839231014194 0 255 255 255
282.4870815716822 694.0239782476419 0 255 255 255
296.6452846966822 742.0862341070169 0 255 255 255
870.4558315716822 363.07329465389194 0 255 255 255
836.8264370404322 137.60674191951694 0 255 255 255
877.3571987591822 259.09087277889194 0 255 255 255
909.7092495404322 293.04228879451694 0 255 255 255
892.2644253216822 305.70049191951694 0 255 255 255
982.9055386029322 515.4956579351419 0 255 255 255
943.5280971966822 400.74565793514194 0 255 255 255
257.0295620404322 613.0286169195169 0 255 255 255
862.2639370404322 212.95708371639194 0 255 255 255
845.6184292279322 164.15483762264194 0 255 255 255
926.7683315716822 346.97685910701694 0 255 255 255
273.3186245404322 666.7593298101419 0 255 255 255
911.4284878216822 369.76079465389194 0 255 255 255
830.6980190716822 117.50640012264194 0 255 255 255
875.7019253216822 176.13872434139194 0 255 255 255
195.0012417279322 403.77666379451694 0 255 255 255
